FraAlder TilAlder Brukere Brukerindeks
     19        19   10810       1.0000
     20        20   22031       1.0000
     21        21   28852       1.0000
     22        22   28294       1.0000
     23        23   27135       1.0000
     24        24   22515       1.0000
     25        25   17968       1.0000
     26        26   14067       1.0000
     27        27   11520       1.0000
     28        28    9315       1.0000
     29        29    7691       1.0000
     30        34   28360       1.0000
     35        39   19895       1.0000
     40        44   14975       1.0000
     45        49   11678       1.0000
