ba 1 23     9.000     9.000   1.00000   0.95337   8.58033
ba 1 24    44.000    42.000   0.95455   0.90198  37.88316
ba 1 25    93.000    86.000   0.92473   0.95599  82.21514
ba 1 26   124.000   119.000   0.95968   0.96447 114.77193
ba 1 27   154.000   148.000   0.96104   0.95157 140.83236
ba 1 28   166.000   163.000   0.98193   0.97073 158.22899
ba 1 29   193.000   183.000   0.94819   0.96170 175.99110
ba 1 30   194.000   185.000   0.95361   0.97428 180.24180
ba 1 31   199.000   192.000   0.96482   0.95292 182.96064
ba 1 32   195.000   188.000   0.96410   0.98357 184.91116
ba 1 33   201.000   197.000   0.98010   0.98665 194.37005
ba 1 34   194.000   183.000   0.94330   0.96852 177.23916
ba 1 35   192.000   179.000   0.93229   0.98804 176.85916
ba 1 36   178.000   174.000   0.97753   0.98519 171.42306
ba 1 37   176.000   171.000   0.97159   0.96901 165.70071
ba 1 38   141.000   137.000   0.97163   0.96129 131.69673
ba 1 39   147.000   140.000   0.95238   0.95415 133.58100
ba 1 40   124.000   116.000   0.93548   0.99188 115.05808
ba 1 41   102.000    96.000   0.94118   0.96556  92.69376
ba 1 42    86.000    83.000   0.96512   0.94608  78.52464
ba 1 43    95.000    91.000   0.95789   0.97511  88.73501
ba 1 44   124.000   119.000   0.95968   0.97694 116.25586
ba 1 45   120.000   116.000   0.96667   0.96396 111.81936
ba 1 46   124.000   117.000   0.94355   0.98448 115.18416
ba 1 47   141.000   131.000   0.92908   0.96439 126.33509
ba 1 48   141.000   135.000   0.95745   0.98942 133.57170
ba 1 49   154.000   143.000   0.92857   0.97850 139.92550
ba 1 50   153.000   143.000   0.93464   0.96025 137.31575
ba 1 51   160.000   148.000   0.92500   0.97095 143.70060
ba 1 52   124.000   118.000   0.95161   0.96203 113.51954
ba 1 53   121.000   109.000   0.90083   0.94468 102.97012
ba 1 54    91.000    81.000   0.89011   0.94126  76.24206
ba 1 55    71.000    63.000   0.88732   0.91992  57.95496
ba 1 56    48.000    40.000   0.83333   0.92264  36.90560
ba 1 57    49.000    47.000   0.95918   0.99171  46.61037
ba 1 58    41.000    37.000   0.90244   0.93701  34.66937
ba 1 59    60.000    49.000   0.81667   0.97020  47.53980
ba 1 60    47.000    42.000   0.89362   0.96048  40.34016
ba 1 61    52.000    44.000   0.84615   0.92764  40.81616
ba 1 62    43.000    32.000   0.74419   0.94020  30.08640
ba 1 63    67.000    47.000   0.70149   0.85047  39.97209
ba 1 64    51.000    27.000   0.52941   0.87747  23.69169
ba 1 65    67.000    30.000   0.44776   0.83549  25.06470
ba 1 66    89.000    31.000   0.34831   0.87284  27.05804
ba 1 67    81.000    32.000   0.39506   0.65632  21.00224
ba 1 68    68.000    20.000   0.29412   0.57406  11.48120
ba 1 69    49.000    12.000   0.24490   0.58133   6.97596
ba 1 70    31.000     3.000   0.09677   0.29287   0.87861
ba 1 71    28.000     7.000   0.25000   0.32946   2.30622
ba 1 72    15.000     2.000   0.13333   0.70000   1.40000
ba 1 73    11.000     3.000   0.27273   0.17667   0.53001
ba 1 74     8.000     0.000   0.00000   0.00000   0.00000
ba 2 21     0.000     0.000   0.00000   0.00000   0.00000
ba 2 22     0.000     0.000   0.00000   0.00000   0.00000
ba 2 23   148.000   140.000   0.94595   0.91541 128.15740
ba 2 24   444.000   423.000   0.95270   0.90100 381.12300
ba 2 25   727.000   691.000   0.95048   0.92899 641.93209
ba 2 26   838.000   795.000   0.94869   0.93542 743.65890
ba 2 27   874.000   833.000   0.95309   0.93908 782.25364
ba 2 28   976.000   923.000   0.94570   0.95144 878.17912
ba 2 29  1032.000   976.000   0.94574   0.95242 929.56192
ba 2 30  1156.000  1087.000   0.94031   0.948581031.10646
ba 2 31  1250.000  1180.000   0.94400   0.954341126.12120
ba 2 32  1353.000  1266.000   0.93570   0.946851198.71210
ba 2 33  1360.000  1268.000   0.93235   0.938311189.77708
ba 2 34  1327.000  1229.000   0.92615   0.942161157.91464
ba 2 35  1268.000  1184.000   0.93375   0.947571121.92288
ba 2 36  1291.000  1203.000   0.93184   0.938001128.41400
ba 2 37  1292.000  1192.000   0.92260   0.938491118.68008
ba 2 38  1195.000  1093.000   0.91464   0.941531029.09229
ba 2 39  1165.000  1076.000   0.92361   0.943661015.37816
ba 2 40  1137.000  1048.000   0.92172   0.93398 978.81104
ba 2 41  1163.000  1074.000   0.92347   0.92626 994.80324
ba 2 42  1192.000  1092.000   0.91611   0.937921024.20864
ba 2 43  1316.000  1204.000   0.91489   0.931341121.33336
ba 2 44  1559.000  1439.000   0.92303   0.942031355.58117
ba 2 45  1669.000  1540.000   0.92271   0.934011438.37540
ba 2 46  1780.000  1651.000   0.92753   0.936621546.35962
ba 2 47  1785.000  1631.000   0.91373   0.923921506.91352
ba 2 48  1763.000  1618.000   0.91775   0.935451513.55810
ba 2 49  1781.000  1625.000   0.91241   0.930421511.93250
ba 2 50  1779.000  1622.000   0.91175   0.933411513.99102
ba 2 51  1563.000  1425.000   0.91171   0.932261328.47050
ba 2 52  1528.000  1397.000   0.91427   0.929551298.58135
ba 2 53  1286.000  1147.000   0.89191   0.929211065.80387
ba 2 54  1123.000   994.000   0.88513   0.92415 918.60510
ba 2 55  1067.000   944.000   0.88472   0.91221 861.12624
ba 2 56   952.000   819.000   0.86029   0.91292 747.68148
ba 2 57   969.000   844.000   0.87100   0.91731 774.20964
ba 2 58   930.000   807.000   0.86774   0.93262 752.62434
ba 2 59   930.000   805.000   0.86559   0.90251 726.52055
ba 2 60   984.000   870.000   0.88415   0.90162 784.40940
ba 2 61   996.000   839.000   0.84237   0.89993 755.04127
ba 2 62   974.000   695.000   0.71355   0.86574 601.68930
ba 2 63  1018.000   610.000   0.59921   0.83986 512.31460
ba 2 64   997.000   524.000   0.52558   0.84706 443.85944
ba 2 65  1134.000   460.000   0.40564   0.75621 347.85660
ba 2 66   987.000   263.000   0.26646   0.74321 195.46423
ba 2 67   942.000   187.000   0.19851   0.60283 112.72921
ba 2 68   925.000   137.000   0.14811   0.50675  69.42475
ba 2 69   744.000   107.000   0.14382   0.46740  50.01180
ba 2 70   537.000    61.000   0.11359   0.39015  23.79915
ba 2 71   438.000    47.000   0.10731   0.33528  15.75816
ba 2 72   353.000    29.000   0.08215   0.40396  11.71484
ba 2 73   257.000    23.000   0.08949   0.37706   8.67238
ba 2 74   264.000    23.000   0.08712   0.31487   7.24201
gr 1 23     0.000     0.000   0.00000   0.00000   0.00000
gr 1 24    54.000    49.000   0.90741   0.88963  43.59187
gr 1 25   159.000   153.000   0.96226   0.89209 136.48977
gr 1 26   246.000   239.000   0.97154   0.94277 225.32203
gr 1 27   334.000   321.000   0.96108   0.96800 310.72800
gr 1 28   310.000   301.000   0.97097   0.97866 294.57666
gr 1 29   326.000   316.000   0.96933   0.96030 303.45480
gr 1 30   363.000   356.000   0.98072   0.96892 344.93552
gr 1 31   403.000   394.000   0.97767   0.98129 386.62826
gr 1 32   337.000   331.000   0.98220   0.98999 327.68669
gr 1 33   313.000   305.000   0.97444   0.98428 300.20540
gr 1 34   275.000   271.000   0.98545   0.98340 266.50140
gr 1 35   287.000   276.000   0.96167   0.99340 274.17840
gr 1 36   308.000   299.000   0.97078   0.98419 294.27281
gr 1 37   346.000   336.000   0.97110   0.98091 329.58576
gr 1 38   343.000   334.000   0.97376   0.98100 327.65400
gr 1 39   371.000   367.000   0.98922   0.97556 358.03052
gr 1 40   376.000   365.000   0.97074   0.98494 359.50310
gr 1 41   387.000   376.000   0.97158   0.97972 368.37472
gr 1 42   415.000   402.000   0.96867   0.98550 396.17100
gr 1 43   415.000   401.000   0.96627   0.98133 393.51333
gr 1 44   436.000   421.000   0.96560   0.98021 412.66841
gr 1 45   483.000   471.000   0.97516   0.97817 460.71807
gr 1 46   510.000   502.000   0.98431   0.98750 495.72500
gr 1 47   567.000   554.000   0.97707   0.97930 542.53220
gr 1 48   604.000   581.000   0.96192   0.98489 572.22109
gr 1 49   614.000   592.000   0.96417   0.97830 579.15360
gr 1 50   564.000   547.000   0.96986   0.97908 535.55676
gr 1 51   540.000   522.000   0.96667   0.98022 511.67484
gr 1 52   524.000   497.000   0.94847   0.97599 485.06703
gr 1 53   467.000   440.000   0.94218   0.96173 423.16120
gr 1 54   364.000   346.000   0.95055   0.97540 337.48840
gr 1 55   277.000   257.000   0.92780   0.97424 250.37968
gr 1 56   310.000   296.000   0.95484   0.97217 287.76232
gr 1 57   248.000   228.000   0.91935   0.94605 215.69940
gr 1 58   265.000   241.000   0.90943   0.95678 230.58398
gr 1 59   256.000   230.000   0.89844   0.91961 211.51030
gr 1 60   288.000   259.000   0.89931   0.96265 249.32635
gr 1 61   310.000   285.000   0.91935   0.95176 271.25160
gr 1 62   371.000   301.000   0.81132   0.93061 280.11361
gr 1 63   421.000   304.000   0.72209   0.92094 279.96576
gr 1 64   491.000   315.000   0.64155   0.88222 277.89930
gr 1 65   491.000   261.000   0.53157   0.84659 220.95999
gr 1 66   549.000   236.000   0.42987   0.78915 186.23940
gr 1 67   639.000   247.000   0.38654   0.64170 158.49990
gr 1 68   687.000   218.000   0.31732   0.58635 127.82430
gr 1 69   763.000   198.000   0.25950   0.57806 114.45588
gr 1 70   712.000   157.000   0.22051   0.53306  83.69042
gr 1 71   647.000   137.000   0.21175   0.50813  69.61381
gr 1 72   550.000    97.000   0.17636   0.50389  48.87733
gr 1 73   632.000   119.000   0.18829   0.45535  54.18665
gr 1 74   656.000    99.000   0.15091   0.41074  40.66326
gr 2 21     0.000     0.000   0.00000   0.00000   0.00000
gr 2 22     0.000     0.000   0.00000   0.00000   0.00000
gr 2 23     1.000     1.000   1.00000   0.06670   0.06670
gr 2 24   283.000   274.000   0.96820   0.90428 247.77272
gr 2 25   712.000   678.000   0.95225   0.93218 632.01804
gr 2 26   926.000   890.000   0.96112   0.94405 840.20450
gr 2 27  1041.000   996.000   0.95677   0.97077 966.88692
gr 2 28  1143.000  1098.000   0.96063   0.962641056.97872
gr 2 29  1097.000  1061.000   0.96718   0.963571022.34777
gr 2 30  1141.000  1103.000   0.96670   0.970461070.41738
gr 2 31  1108.000  1048.000   0.94585   0.962161008.34368
gr 2 32  1062.000  1018.000   0.95857   0.96218 979.49924
gr 2 33   962.000   911.000   0.94699   0.96972 883.41492
gr 2 34   844.000   805.000   0.95379   0.96125 773.80625
gr 2 35   983.000   944.000   0.96033   0.96328 909.33632
gr 2 36   965.000   928.000   0.96166   0.95337 884.72736
gr 2 37   958.000   922.000   0.96242   0.95501 880.51922
gr 2 38   971.000   935.000   0.96292   0.95553 893.42055
gr 2 39  1076.000  1021.000   0.94888   0.95125 971.22625
gr 2 40  1034.000   986.000   0.95358   0.95196 938.63256
gr 2 41  1046.000   982.000   0.93881   0.94895 931.86890
gr 2 42  1151.000  1085.000   0.94266   0.959221040.75370
gr 2 43  1130.000  1071.000   0.94779   0.945181012.28778
gr 2 44  1181.000  1126.000   0.95343   0.954041074.24904
gr 2 45  1166.000  1103.000   0.94597   0.948111045.76533
gr 2 46  1216.000  1135.000   0.93339   0.953021081.67770
gr 2 47  1335.000  1261.000   0.94457   0.946921194.06612
gr 2 48  1338.000  1259.000   0.94096   0.945331190.17047
gr 2 49  1339.000  1263.000   0.94324   0.952831203.42429
gr 2 50  1291.000  1200.000   0.92951   0.941011129.21200
gr 2 51  1142.000  1055.000   0.92382   0.93824 989.84320
gr 2 52  1157.000  1067.000   0.92221   0.938231001.09141
gr 2 53  1105.000  1019.000   0.92217   0.93507 952.83633
gr 2 54  1012.000   929.000   0.91798   0.94008 873.33432
gr 2 55   953.000   845.000   0.88667   0.92589 782.37705
gr 2 56   895.000   799.000   0.89274   0.91546 731.45254
gr 2 57   781.000   706.000   0.90397   0.90810 641.11860
gr 2 58   733.000   663.000   0.90450   0.90405 599.38515
gr 2 59   769.000   691.000   0.89857   0.90875 627.94625
gr 2 60   826.000   734.000   0.88862   0.92389 678.13526
gr 2 61   899.000   791.000   0.87987   0.94146 744.69486
gr 2 62   981.000   747.000   0.76147   0.88394 660.30318
gr 2 63  1041.000   683.000   0.65610   0.88329 603.28707
gr 2 64   955.000   553.000   0.57906   0.84130 465.23890
gr 2 65  1007.000   427.000   0.42403   0.81968 350.00336
gr 2 66  1068.000   315.000   0.29494   0.78052 245.86380
gr 2 67  1207.000   256.000   0.21210   0.61203 156.67968
gr 2 68  1298.000   197.000   0.15177   0.50801 100.07797
gr 2 69  1188.000   158.000   0.13300   0.46457  73.40206
gr 2 70  1062.000   115.000   0.10829   0.42916  49.35340
gr 2 71  1001.000   105.000   0.10490   0.41747  43.83435
gr 2 72  1032.000    97.000   0.09399   0.35406  34.34382
gr 2 73  1135.000    81.000   0.07137   0.37053  30.01293
gr 2 74  1211.000    78.000   0.06441   0.34100  26.59800
fa 1 23    14.000    12.000   0.85714   0.53263   6.39156
fa 1 24    50.000    46.000   0.92000   0.71200  32.75200
fa 1 25   100.000    94.000   0.94000   0.78878  74.14532
fa 1 26   146.000   133.000   0.91096   0.87783 116.75139
fa 1 27   229.000   225.000   0.98253   0.88148 198.33300
fa 1 28   262.000   248.000   0.94656   0.93589 232.10072
fa 1 29   295.000   286.000   0.96949   0.94497 270.26142
fa 1 30   298.000   292.000   0.97987   0.94902 277.11384
fa 1 31   314.000   300.000   0.95541   0.98022 294.06600
fa 1 32   299.000   294.000   0.98328   0.98272 288.91968
fa 1 33   278.000   265.000   0.95324   0.96719 256.30535
fa 1 34   205.000   194.000   0.94634   0.97437 189.02778
fa 1 35   221.000   210.000   0.95023   0.96501 202.65210
fa 1 36   218.000   213.000   0.97706   0.96856 206.30328
fa 1 37   169.000   160.000   0.94675   0.96439 154.30240
fa 1 38   201.000   198.000   0.98507   0.98598 195.22404
fa 1 39   149.000   141.000   0.94631   0.95971 135.31911
fa 1 40   126.000   114.000   0.90476   0.98548 112.34472
fa 1 41   127.000   120.000   0.94488   0.96747 116.09640
fa 1 42   137.000   133.000   0.97080   0.95916 127.56828
fa 1 43   117.000   107.000   0.91453   0.96959 103.74613
fa 1 44   109.000   104.000   0.95413   0.98417 102.35368
fa 1 45   132.000   126.000   0.95455   0.95057 119.77182
fa 1 46   152.000   146.000   0.96053   0.97019 141.64774
fa 1 47   176.000   171.000   0.97159   0.99173 169.58583
fa 1 48   200.000   193.000   0.96500   0.98509 190.12237
fa 1 49   184.000   175.000   0.95109   0.96750 169.31250
fa 1 50   219.000   210.000   0.95890   0.97754 205.28340
fa 1 51   223.000   211.000   0.94619   0.97610 205.95710
fa 1 52   208.000   199.000   0.95673   0.96271 191.57929
fa 1 53   199.000   187.000   0.93970   0.97707 182.71209
fa 1 54   199.000   189.000   0.94975   0.99254 187.59006
fa 1 55   168.000   161.000   0.95833   0.97421 156.84781
fa 1 56   168.000   158.000   0.94048   0.96758 152.87764
fa 1 57   140.000   128.000   0.91429   0.98031 125.47968
fa 1 58   134.000   127.000   0.94776   0.94150 119.57050
fa 1 59   112.000   102.000   0.91071   0.94083  95.96466
fa 1 60    86.000    77.000   0.89535   0.95706  73.69362
fa 1 61   113.000   103.000   0.91150   0.98667 101.62701
fa 1 62    78.000    66.000   0.84615   0.89371  58.98486
fa 1 63    88.000    68.000   0.77273   0.91869  62.47092
fa 1 64    71.000    46.000   0.64789   0.91333  42.01318
fa 1 65    67.000    44.000   0.65672   0.87319  38.42036
fa 1 66    83.000    48.000   0.57831   0.86280  41.41440
fa 1 67    87.000    36.000   0.41379   0.73797  26.56692
fa 1 68    67.000    31.000   0.46269   0.73521  22.79151
fa 1 69    81.000    30.000   0.37037   0.75160  22.54800
fa 1 70    90.000    24.000   0.26667   0.74265  17.82360
fa 1 71    85.000    28.000   0.32941   0.60404  16.91312
fa 1 72    92.000    28.000   0.30435   0.55301  15.48428
fa 1 73    91.000    26.000   0.28571   0.58196  15.13096
fa 1 74    87.000    12.000   0.13793   0.48083   5.76996
fa 2 21     0.000     0.000   0.00000   0.00000   0.00000
fa 2 22     0.000     0.000   0.00000   0.00000   0.00000
fa 2 23    13.000    12.000   0.92308   0.75024   9.00288
fa 2 24    44.000    41.000   0.93182   0.62611  25.67051
fa 2 25   136.000   130.000   0.95588   0.83789 108.92570
fa 2 26   216.000   201.000   0.93056   0.91901 184.72101
fa 2 27   326.000   311.000   0.95399   0.91681 285.12791
fa 2 28   348.000   332.000   0.95402   0.94033 312.18956
fa 2 29   393.000   373.000   0.94911   0.93691 349.46743
fa 2 30   384.000   364.000   0.94792   0.93377 339.89228
fa 2 31   378.000   359.000   0.94974   0.94302 338.54418
fa 2 32   344.000   325.000   0.94477   0.94759 307.96675
fa 2 33   317.000   295.000   0.93060   0.91763 270.70085
fa 2 34   322.000   299.000   0.92857   0.94552 282.71048
fa 2 35   335.000   308.000   0.91940   0.91467 281.71836
fa 2 36   302.000   277.000   0.91722   0.91882 254.51314
fa 2 37   302.000   285.000   0.94371   0.92232 262.86120
fa 2 38   250.000   234.000   0.93600   0.91378 213.82452
fa 2 39   241.000   224.000   0.92946   0.92055 206.20320
fa 2 40   276.000   258.000   0.93478   0.92635 238.99830
fa 2 41   248.000   235.000   0.94758   0.91395 214.77825
fa 2 42   247.000   228.000   0.92308   0.91654 208.97112
fa 2 43   220.000   203.000   0.92273   0.92926 188.63978
fa 2 44   211.000   196.000   0.92891   0.91592 179.52032
fa 2 45   225.000   205.000   0.91111   0.91754 188.09570
fa 2 46   259.000   236.000   0.91120   0.94539 223.11204
fa 2 47   307.000   282.000   0.91857   0.92603 261.14046
fa 2 48   291.000   267.000   0.91753   0.90648 242.03016
fa 2 49   334.000   304.000   0.91018   0.93936 285.56544
fa 2 50   363.000   333.000   0.91736   0.93989 312.98337
fa 2 51   348.000   311.000   0.89368   0.93791 291.69001
fa 2 52   337.000   304.000   0.90208   0.93282 283.57728
fa 2 53   289.000   251.000   0.86851   0.92606 232.44106
fa 2 54   334.000   301.000   0.90120   0.91976 276.84776
fa 2 55   325.000   288.000   0.88615   0.90482 260.58816
fa 2 56   287.000   260.000   0.90592   0.89517 232.74420
fa 2 57   298.000   265.000   0.88926   0.91122 241.47330
fa 2 58   278.000   243.000   0.87410   0.91389 222.07527
fa 2 59   262.000   231.000   0.88168   0.91304 210.91224
fa 2 60   231.000   199.000   0.86147   0.89872 178.84528
fa 2 61   238.000   201.000   0.84454   0.89684 180.26484
fa 2 62   222.000   164.000   0.73874   0.87121 142.87844
fa 2 63   221.000   145.000   0.65611   0.86213 125.00885
fa 2 64   198.000   115.000   0.58081   0.81393  93.60195
fa 2 65   245.000   126.000   0.51429   0.85313 107.49438
fa 2 66   214.000    82.000   0.38318   0.80034  65.62788
fa 2 67   199.000    60.000   0.30151   0.66041  39.62460
fa 2 68   212.000    53.000   0.25000   0.59112  31.32936
fa 2 69   219.000    43.000   0.19635   0.54346  23.36878
fa 2 70   208.000    38.000   0.18269   0.49653  18.86814
fa 2 71   199.000    34.000   0.17085   0.50692  17.23528
fa 2 72   207.000    23.000   0.11111   0.48430  11.13890
fa 2 73   235.000    33.000   0.14043   0.38348  12.65484
fa 2 74   239.000    24.000   0.10042   0.45037  10.80888
ph 1 23     0.000     0.000   0.00000   0.00000   0.00000
ph 1 24     4.000     3.000   0.75000   0.81137   2.43411
ph 1 25    19.000    17.000   0.89474   0.89303  15.18151
ph 1 26    56.000    51.000   0.91071   0.76325  38.92575
ph 1 27   135.000   128.000   0.94815   0.89208 114.18624
ph 1 28   199.000   189.000   0.94975   0.90654 171.33606
ph 1 29   245.000   238.000   0.97143   0.91979 218.91002
ph 1 30   315.000   303.000   0.96190   0.96421 292.15563
ph 1 31   374.000   367.000   0.98128   0.94332 346.19844
ph 1 32   339.000   329.000   0.97050   0.95708 314.87932
ph 1 33   400.000   383.000   0.95750   0.95010 363.88830
ph 1 34   315.000   304.000   0.96508   0.95313 289.75152
ph 1 35   350.000   336.000   0.96000   0.94215 316.56240
ph 1 36   373.000   357.000   0.95710   0.94380 336.93660
ph 1 37   352.000   337.000   0.95739   0.96436 324.98932
ph 1 38   343.000   327.000   0.95335   0.97621 319.22067
ph 1 39   331.000   318.000   0.96073   0.94490 300.47820
ph 1 40   356.000   342.000   0.96067   0.95491 326.57922
ph 1 41   366.000   350.000   0.95628   0.97327 340.64450
ph 1 42   324.000   309.000   0.95370   0.95142 293.98878
ph 1 43   386.000   374.000   0.96891   0.95063 355.53562
ph 1 44   367.000   343.000   0.93460   0.97239 333.52977
ph 1 45   351.000   334.000   0.95157   0.94557 315.82038
ph 1 46   384.000   368.000   0.95833   0.96208 354.04544
ph 1 47   345.000   336.000   0.97391   0.95044 319.34784
ph 1 48   399.000   378.000   0.94737   0.97165 367.28370
ph 1 49   379.000   363.000   0.95778   0.96917 351.80871
ph 1 50   400.000   384.000   0.96000   0.96144 369.19296
ph 1 51   370.000   353.000   0.95405   0.96399 340.28847
ph 1 52   399.000   382.000   0.95739   0.96608 369.04256
ph 1 53   384.000   364.000   0.94792   0.95982 349.37448
ph 1 54   395.000   372.000   0.94177   0.95395 354.86940
ph 1 55   353.000   324.000   0.91785   0.96807 313.65468
ph 1 56   366.000   348.000   0.95082   0.96536 335.94528
ph 1 57   351.000   334.000   0.95157   0.97086 324.26724
ph 1 58   312.000   288.000   0.92308   0.94973 273.52224
ph 1 59   340.000   316.000   0.92941   0.93488 295.42208
ph 1 60   310.000   281.000   0.90645   0.95185 267.46985
ph 1 61   266.000   235.000   0.88346   0.93929 220.73315
ph 1 62   317.000   278.000   0.87697   0.93843 260.88354
ph 1 63   324.000   241.000   0.74383   0.93220 224.66020
ph 1 64   340.000   256.000   0.75294   0.92195 236.01920
ph 1 65   391.000   263.000   0.67263   0.88783 233.49929
ph 1 66   421.000   247.000   0.58670   0.86269 213.08443
ph 1 67   507.000   229.000   0.45168   0.81133 185.79457
ph 1 68   611.000   223.000   0.36498   0.74103 165.24969
ph 1 69   616.000   219.000   0.35552   0.64302 140.82138
ph 1 70   674.000   187.000   0.27745   0.53819 100.64153
ph 1 71   592.000   121.000   0.20439   0.52819  63.91099
ph 1 72   591.000   134.000   0.22673   0.53692  71.94728
ph 1 73   529.000    95.000   0.17958   0.42769  40.63055
ph 1 74   510.000    79.000   0.15490   0.49518  39.11922
ph 2 21     0.000     0.000   0.00000   0.00000   0.00000
ph 2 22     0.000     0.000   0.00000   0.00000   0.00000
ph 2 23     0.000     0.000   0.00000   0.00000   0.00000
ph 2 24    11.000    10.000   0.90909   0.65805   6.58050
ph 2 25    50.000    47.000   0.94000   0.73999  34.77953
ph 2 26    99.000    93.000   0.93939   0.85402  79.42386
ph 2 27   185.000   172.000   0.92973   0.91035 156.58020
ph 2 28   240.000   226.000   0.94167   0.92896 209.94496
ph 2 29   325.000   305.000   0.93846   0.92189 281.17645
ph 2 30   420.000   397.000   0.94524   0.92591 367.58627
ph 2 31   454.000   431.000   0.94934   0.92636 399.26116
ph 2 32   486.000   462.000   0.95062   0.92725 428.38950
ph 2 33   507.000   477.000   0.94083   0.93538 446.17626
ph 2 34   503.000   472.000   0.93837   0.93960 443.49120
ph 2 35   480.000   457.000   0.95208   0.94146 430.24722
ph 2 36   500.000   483.000   0.96600   0.92994 449.16102
ph 2 37   509.000   480.000   0.94303   0.91883 441.03840
ph 2 38   550.000   516.000   0.93818   0.95394 492.23304
ph 2 39   547.000   519.000   0.94881   0.93268 484.06092
ph 2 40   557.000   540.000   0.96948   0.94042 507.82680
ph 2 41   505.000   483.000   0.95644   0.94219 455.07777
ph 2 42   566.000   536.000   0.94700   0.93456 500.92416
ph 2 43   558.000   529.000   0.94803   0.94270 498.68830
ph 2 44   560.000   533.000   0.95179   0.93478 498.23774
ph 2 45   557.000   530.000   0.95153   0.93142 493.65260
ph 2 46   667.000   636.000   0.95352   0.93541 594.92076
ph 2 47   673.000   636.000   0.94502   0.94365 600.16140
ph 2 48   735.000   701.000   0.95374   0.94087 659.54987
ph 2 49   749.000   716.000   0.95594   0.95352 682.72032
ph 2 50   730.000   696.000   0.95342   0.93983 654.12168
ph 2 51   714.000   670.000   0.93838   0.94498 633.13660
ph 2 52   752.000   707.000   0.94016   0.94651 669.18257
ph 2 53   647.000   612.000   0.94590   0.93587 572.75244
ph 2 54   570.000   530.000   0.92982   0.93570 495.92100
ph 2 55   581.000   533.000   0.91738   0.92960 495.47680
ph 2 56   509.000   458.000   0.89980   0.93673 429.02234
ph 2 57   486.000   444.000   0.91358   0.92207 409.39908
ph 2 58   428.000   393.000   0.91822   0.93864 368.88552
ph 2 59   441.000   400.000   0.90703   0.90799 363.19600
ph 2 60   413.000   367.000   0.88862   0.91637 336.30779
ph 2 61   383.000   333.000   0.86945   0.92149 306.85617
ph 2 62   424.000   348.000   0.82075   0.89391 311.08068
ph 2 63   406.000   297.000   0.73153   0.89827 266.78619
ph 2 64   331.000   218.000   0.65861   0.88312 192.52016
ph 2 65   379.000   200.000   0.52770   0.79472 158.94400
ph 2 66   433.000   210.000   0.48499   0.77305 162.34050
ph 2 67   451.000   138.000   0.30599   0.73741 101.76258
ph 2 68   520.000   123.000   0.23654   0.62258  76.57734
ph 2 69   513.000   106.000   0.20663   0.59939  63.53534
ph 2 70   429.000    80.000   0.18648   0.41289  33.03120
ph 2 71   401.000    61.000   0.15212   0.50859  31.02399
ph 2 72   385.000    50.000   0.12987   0.36795  18.39750
ph 2 73   314.000    39.000   0.12420   0.34111  13.30329
ph 2 74   309.000    31.000   0.10032   0.39988  12.39628
py 1 23     0.000     0.000   0.00000   0.00000   0.00000
py 1 24     1.000     1.000   1.00000   0.24030   0.24030
py 1 25     5.000     5.000   1.00000   0.83090   4.15450
py 1 26    20.000    19.000   0.95000   0.85705  16.28395
py 1 27    18.000    16.000   0.88889   0.70469  11.27504
py 1 28    29.000    26.000   0.89655   0.91827  23.87502
py 1 29    56.000    51.000   0.91071   0.93324  47.59524
py 1 30    60.000    59.000   0.98333   0.98646  58.20114
py 1 31    64.000    62.000   0.96875   0.95790  59.38980
py 1 32    79.000    78.000   0.98734   0.95589  74.55942
py 1 33    85.000    82.000   0.96471   0.97790  80.18780
py 1 34    77.000    75.000   0.97403   0.95293  71.46975
py 1 35    78.000    76.000   0.97436   0.98618  74.94968
py 1 36    78.000    76.000   0.97436   0.99149  75.35324
py 1 37    86.000    83.000   0.96512   0.98215  81.51845
py 1 38   106.000    98.000   0.92453   0.93263  91.39774
py 1 39   103.000    99.000   0.96117   0.97033  96.06267
py 1 40   102.000    97.000   0.95098   0.96075  93.19275
py 1 41   120.000   115.000   0.95833   0.97672 112.32280
py 1 42   117.000   116.000   0.99145   0.97660 113.28560
py 1 43   131.000   130.000   0.99237   0.96187 125.04310
py 1 44   141.000   139.000   0.98582   0.95267 132.42113
py 1 45   143.000   139.000   0.97203   0.98839 137.38621
py 1 46   149.000   144.000   0.96644   0.97531 140.44464
py 1 47   172.000   168.000   0.97674   0.96920 162.82560
py 1 48   172.000   163.000   0.94767   0.96185 156.78155
py 1 49   178.000   172.000   0.96629   0.95493 164.24796
py 1 50   232.000   222.000   0.95690   0.94952 210.79344
py 1 51   195.000   188.000   0.96410   0.98424 185.03712
py 1 52   199.000   194.000   0.97487   0.97345 188.84930
py 1 53   222.000   215.000   0.96847   0.97762 210.18830
py 1 54   251.000   233.000   0.92829   0.96316 224.41628
py 1 55   300.000   286.000   0.95333   0.96009 274.58574
py 1 56   268.000   250.000   0.93284   0.96233 240.58250
py 1 57   288.000   269.000   0.93403   0.96975 260.86275
py 1 58   254.000   234.000   0.92126   0.95021 222.34914
py 1 59   246.000   230.000   0.93496   0.96764 222.55720
py 1 60   231.000   211.000   0.91342   0.97235 205.16585
py 1 61   255.000   229.000   0.89804   0.96270 220.45830
py 1 62   251.000   202.000   0.80478   0.93440 188.74880
py 1 63   264.000   191.000   0.72348   0.90583 173.01353
py 1 64   270.000   180.000   0.66667   0.88755 159.75900
py 1 65   253.000   140.000   0.55336   0.86217 120.70380
py 1 66   259.000   130.000   0.50193   0.89343 116.14590
py 1 67   243.000   104.000   0.42798   0.78552  81.69408
py 1 68   231.000    72.000   0.31169   0.74012  53.28864
py 1 69   283.000    82.000   0.28975   0.61854  50.72028
py 1 70   269.000    50.000   0.18587   0.59446  29.72300
py 1 71   264.000    67.000   0.25379   0.59667  39.97689
py 1 72   300.000    66.000   0.22000   0.43825  28.92450
py 1 73   284.000    54.000   0.19014   0.53821  29.06334
py 1 74   268.000    39.000   0.14552   0.47326  18.45714
py 2 21     0.000     0.000   0.00000   0.00000   0.00000
py 2 22     0.000     0.000   0.00000   0.00000   0.00000
py 2 23     0.000     0.000   0.00000   0.00000   0.00000
py 2 24     1.000     1.000   1.00000   0.10000   0.10000
py 2 25     8.000     8.000   1.00000   0.92621   7.40968
py 2 26    17.000    17.000   1.00000   0.90402  15.36834
py 2 27    34.000    33.000   0.97059   0.87564  28.89612
py 2 28    52.000    52.000   1.00000   0.94924  49.36048
py 2 29    58.000    56.000   0.96552   0.94810  53.09360
py 2 30    93.000    87.000   0.93548   0.87715  76.31205
py 2 31   107.000   100.000   0.93458   0.90672  90.67200
py 2 32   108.000   106.000   0.98148   0.93510  99.12060
py 2 33   132.000   125.000   0.94697   0.93154 116.44250
py 2 34   118.000   113.000   0.95763   0.95656 108.09128
py 2 35   132.000   121.000   0.91667   0.93299 112.89179
py 2 36   150.000   142.000   0.94667   0.93934 133.38628
py 2 37   182.000   173.000   0.95055   0.93896 162.44008
py 2 38   136.000   132.000   0.97059   0.91402 120.65064
py 2 39   176.000   162.000   0.92045   0.93716 151.81992
py 2 40   225.000   209.000   0.92889   0.92739 193.82451
py 2 41   219.000   208.000   0.94977   0.93923 195.35984
py 2 42   256.000   241.000   0.94141   0.94772 228.40052
py 2 43   259.000   246.000   0.94981   0.95662 235.32852
py 2 44   237.000   226.000   0.95359   0.93492 211.29192
py 2 45   260.000   239.000   0.91923   0.95174 227.46586
py 2 46   244.000   230.000   0.94262   0.94763 217.95490
py 2 47   310.000   298.000   0.96129   0.94086 280.37628
py 2 48   292.000   281.000   0.96233   0.93372 262.37532
py 2 49   303.000   295.000   0.97360   0.92719 273.52105
py 2 50   331.000   313.000   0.94562   0.95242 298.10746
py 2 51   288.000   275.000   0.95486   0.93549 257.25975
py 2 52   338.000   308.000   0.91124   0.95126 292.98808
py 2 53   322.000   302.000   0.93789   0.94393 285.06686
py 2 54   314.000   291.000   0.92675   0.93809 272.98419
py 2 55   302.000   275.000   0.91060   0.94650 260.28750
py 2 56   264.000   236.000   0.89394   0.95390 225.12040
py 2 57   310.000   291.000   0.93871   0.92335 268.69485
py 2 58   273.000   250.000   0.91575   0.90381 225.95250
py 2 59   253.000   226.000   0.89328   0.91481 206.74706
py 2 60   242.000   209.000   0.86364   0.91317 190.85253
py 2 61   217.000   188.000   0.86636   0.88948 167.22224
py 2 62   218.000   187.000   0.85780   0.89167 166.74229
py 2 63   230.000   155.000   0.67391   0.84565 131.07575
py 2 64   223.000   147.000   0.65919   0.84190 123.75930
py 2 65   221.000   119.000   0.53846   0.78427  93.32813
py 2 66   185.000    83.000   0.44865   0.72820  60.44060
py 2 67   180.000    57.000   0.31667   0.69158  39.42006
py 2 68   188.000    46.000   0.24468   0.47196  21.71016
py 2 69   147.000    32.000   0.21769   0.60523  19.36736
py 2 70   119.000    20.000   0.16807   0.40054   8.01080
py 2 71   131.000    18.000   0.13740   0.34178   6.15204
py 2 72   131.000    23.000   0.17557   0.28919   6.65137
py 2 73   101.000    12.000   0.11881   0.35566   4.26792
py 2 74   114.000    12.000   0.10526   0.27505   3.30060
