   År StandardEndring1 StandardEndring2 StandardEndring3 StandardEndring4 StandardEndring5 StandardEndring6
X2020          1.00000          1.00000          1.00000          1.00000          1.00000          1.00000
X2021          1.00000          1.00000          1.00000          1.00000          1.00000          1.00000
X2022          1.00000          1.00000          1.00000          1.00000          1.00000          1.00000
X2023          1.00000          1.00000          1.00000          1.00000          1.00000          1.00000
X2024          1.00000          1.00000          1.00000          1.00000          1.00000          1.00000
X2025          1.00000          1.00000          1.00000          1.00000          1.00000          1.00000
X2026          1.00000          1.00000          1.00000          1.00000          1.00000          1.00000
X2027          1.00000          1.00000          1.00000          1.00000          1.00000          1.00000
X2028          1.00000          1.00000          1.00000          1.00000          1.00000          1.00000
X2029          1.00000          1.00000          1.00000          1.00000          1.00000          1.00000
X2030          1.00000          1.00000          1.00000          1.00000          1.00000          1.00000
X2031          1.00000          1.00000          1.00000          1.00000          1.00000          1.00000
X2032          1.00000          1.00000          1.00000          1.00000          1.00000          1.00000
X2033          1.00000          1.00000          1.00000          1.00000          1.00000          1.00000
X2034          1.00000          1.00000          1.00000          1.00000          1.00000          1.00000
X2035          1.00000          1.00000          1.00000          1.00000          1.00000          1.00000
X2036          1.00000          1.00000          1.00000          1.00000          1.00000          1.00000
X2037          1.00000          1.00000          1.00000          1.00000          1.00000          1.00000
X2038          1.00000          1.00000          1.00000          1.00000          1.00000          1.00000
X2039          1.00000          1.00000          1.00000          1.00000          1.00000          1.00000
X2040          1.00000          1.00000          1.00000          1.00000          1.00000          1.00000
