  År StandardEndring1 StandardEndring2 StandardEndring3 StandardEndring4 StandardEndring5 StandardEndring6
2020          1.00000          1.00000          1.00000          1.00000          1.00000          1.00000
2021          1.00000          1.00000          1.00000          1.00000          1.00000          1.00000
2022          1.00000          1.00000          1.00000          1.00000          1.00000          1.00000
2023          1.00000          1.00000          1.00000          1.00000          1.00000          1.00000
2024          1.00000          1.00000          1.00000          1.00000          1.00000          1.00000
2025          1.00000          1.00000          1.00000          1.00000          1.00000          1.00000
2026          1.00000          1.00000          1.00000          1.00000          1.00000          1.00000
2027          1.00000          1.00000          1.00000          1.00000          1.00000          1.00000
2028          1.00000          1.00000          1.00000          1.00000          1.00000          1.00000
2029          1.00000          1.00000          1.00000          1.00000          1.00000          1.00000
2030          1.00000          1.00000          1.00000          1.00000          1.00000          1.00000
2031          1.00000          1.00000          1.00000          1.00000          1.00000          1.00000
2032          1.00000          1.00000          1.00000          1.00000          1.00000          1.00000
2033          1.00000          1.00000          1.00000          1.00000          1.00000          1.00000
2034          1.00000          1.00000          1.00000          1.00000          1.00000          1.00000
2035          1.00000          1.00000          1.00000          1.00000          1.00000          1.00000
2036          1.00000          1.00000          1.00000          1.00000          1.00000          1.00000
2037          1.00000          1.00000          1.00000          1.00000          1.00000          1.00000
2038          1.00000          1.00000          1.00000          1.00000          1.00000          1.00000
2039          1.00000          1.00000          1.00000          1.00000          1.00000          1.00000
2040          1.00000          1.00000          1.00000          1.00000          1.00000          1.00000
2041          1.00000          1.00000          1.00000          1.00000          1.00000          1.00000
2042          1.00000          1.00000          1.00000          1.00000          1.00000          1.00000
2043          1.00000          1.00000          1.00000          1.00000          1.00000          1.00000
2044          1.00000          1.00000          1.00000          1.00000          1.00000          1.00000
2045          1.00000          1.00000          1.00000          1.00000          1.00000          1.00000
2046          1.00000          1.00000          1.00000          1.00000          1.00000          1.00000
2047          1.00000          1.00000          1.00000          1.00000          1.00000          1.00000
2048          1.00000          1.00000          1.00000          1.00000          1.00000          1.00000
2049          1.00000          1.00000          1.00000          1.00000          1.00000          1.00000
2050          1.00000          1.00000          1.00000          1.00000          1.00000          1.00000
2051          1.00000          1.00000          1.00000          1.00000          1.00000          1.00000
2052          1.00000          1.00000          1.00000          1.00000          1.00000          1.00000
2053          1.00000          1.00000          1.00000          1.00000          1.00000          1.00000
2054          1.00000          1.00000          1.00000          1.00000          1.00000          1.00000
2055          1.00000          1.00000          1.00000          1.00000          1.00000          1.00000
2056          1.00000          1.00000          1.00000          1.00000          1.00000          1.00000
2057          1.00000          1.00000          1.00000          1.00000          1.00000          1.00000
2058          1.00000          1.00000          1.00000          1.00000          1.00000          1.00000
2059          1.00000          1.00000          1.00000          1.00000          1.00000          1.00000
2060          1.00000          1.00000          1.00000          1.00000          1.00000          1.00000
