Alder Kjønn  2024  2025  2026  2027  2028  2029  2030  2031  2032  2033  2034  2035  2036  2037  2038  2039  2040  2041  2042  2043  2044  2045  2046  2047  2048  2049  2050  2051  2052  2053  2054  2055  2056  2057  2058  2059  2060
    0     1 26771 26089 25339 24654 23826 23703 23544 23406 23280 23198 23133 23042 22979 22929 22899 22882 22856 22812 22744 22647 22521 22366 22180 21976 21748 21506 21247 20985 20710 20436 20154 19873 19599 19330 19074 18836 18618
    0     2 25637 24709 23998 23348 22564 22447 22296 22165 22046 21969 21906 21820 21761 21713 21684 21668 21643 21602 21538 21446 21326 21179 21003 20810 20594 20365 20119 19871 19611 19351 19085 18818 18559 18304 18062 17836 17629
    1     1 27202 27233 26483 25666 24979 24151 24027 23868 23730 23605 23522 23456 23365 23303 23252 23222 23205 23179 23134 23067 22970 22844 22689 22504 22300 22072 21830 21570 21309 21035 20760 20480 20199 19926 19657 19402 19165
    1     2 25788 26073 25082 24304 23652 22868 22750 22599 22469 22350 22272 22210 22124 22065 22016 21988 21971 21946 21905 21841 21749 21629 21482 21307 21114 20897 20669 20423 20175 19915 19656 19390 19124 18865 18611 18370 18145
    2     1 29766 27551 27509 26690 25877 25189 24364 24240 24083 23946 23821 23739 23673 23582 23520 23469 23439 23422 23396 23352 23285 23188 23062 22907 22722 22518 22290 22048 21789 21528 21254 20981 20701 20421 20149 19881 19627
    2     2 28369 26123 26330 25277 24503 23850 23069 22951 22802 22673 22555 22477 22414 22328 22270 22221 22193 22177 22151 22110 22046 21954 21835 21688 21513 21320 21104 20875 20629 20382 20123 19864 19599 19334 19076 18823 18582
    3     1 28338 30045 27766 27655 26842 26034 25347 24526 24404 24248 24112 23988 23906 23840 23750 23688 23638 23608 23591 23564 23520 23453 23357 23231 23076 22891 22687 22460 22218 21959 21699 21426 21153 20875 20596 20324 20058
    3     2 27125 28644 26334 26467 25425 24656 24004 23227 23111 22964 22835 22717 22639 22577 22491 22433 22385 22357 22340 22315 22273 22209 22118 21998 21852 21676 21483 21267 21039 20793 20546 20288 20030 19766 19502 19245 18992
    4     1 29373 28598 30213 27872 27766 26961 26157 25474 24658 24537 24382 24247 24124 24042 23976 23887 23825 23775 23746 23728 23702 23658 23591 23494 23368 23213 23028 22825 22597 22356 22097 21838 21566 21294 21016 20739 20468
    4     2 27707 27370 28803 26434 26567 25536 24771 24122 23349 23235 23088 22960 22844 22766 22703 22618 22560 22512 22484 22467 22442 22400 22336 22245 22125 21978 21803 21610 21394 21165 20921 20675 20417 20160 19897 19634 19377
    5     1 29773 29620 28761 30286 27960 27860 27062 26265 25585 24773 24653 24500 24366 24243 24162 24096 24007 23946 23897 23867 23849 23823 23778 23711 23614 23488 23333 23148 22945 22717 22476 22219 21960 21689 21418 21142 20865
    5     2 28021 27937 27518 28870 26516 26651 25630 24871 24226 23457 23343 23198 23071 22955 22877 22815 22731 22673 22626 22597 22581 22555 22513 22449 22357 22238 22091 21915 21722 21507 21278 21034 20789 20533 20276 20014 19752
    6     1 30629 30014 29773 28836 30353 28044 27950 27161 26370 25691 24883 24764 24613 24480 24358 24276 24210 24123 24062 24013 23983 23965 23938 23893 23826 23729 23603 23447 23262 23059 22831 22591 22335 22077 21807 21537 21261
    6     2 28797 28264 28094 27597 28943 26606 26743 25733 24980 24336 23570 23458 23314 23188 23073 22995 22932 22849 22791 22744 22716 22699 22673 22630 22566 22474 22354 22207 22031 21838 21623 21395 21152 20908 20652 20396 20135
    7     1 32102 30869 30165 29840 28904 30419 28124 28037 27255 26468 25792 24986 24868 24718 24586 24465 24383 24317 24230 24170 24120 24090 24072 24045 24000 23932 23834 23708 23552 23366 23163 22936 22697 22441 22184 21915 21646
    7     2 30029 29022 28406 28156 27658 29003 26681 26820 25820 25071 24429 23666 23554 23412 23287 23172 23094 23032 22948 22891 22844 22816 22798 22772 22729 22664 22572 22451 22304 22128 21935 21720 21493 21251 21007 20752 20497
    8     1 32117 32359 31038 30249 29919 28989 30502 28222 28139 27363 26580 25904 25101 24984 24835 24703 24583 24501 24435 24348 24288 24238 24208 24189 24161 24115 24047 23949 23822 23666 23480 23277 23051 22812 22557 22300 22032
    8     2 30280 30259 29170 28478 28224 27730 29075 26767 26908 25915 25170 24529 23768 23657 23516 23391 23277 23199 23137 23054 22997 22950 22921 22903 22876 22832 22767 22674 22554 22406 22230 22037 21823 21597 21355 21112 20857
    9     1 32239 32379 32532 31130 30336 30006 29081 30594 28326 28246 27474 26694 26019 25218 25102 24953 24823 24703 24621 24555 24467 24407 24358 24327 24307 24278 24232 24163 24064 23936 23780 23595 23392 23166 22928 22673 22417
    9     2 30487 30527 30422 29255 28559 28306 27815 29160 26864 27006 26019 25276 24636 23877 23767 23626 23502 23388 23311 23248 23165 23108 23061 23031 23013 22985 22941 22875 22781 22660 22512 22336 22144 21930 21704 21463 21220
   10     1 32263 32526 32572 32639 31233 30439 30109 29190 30703 28444 28366 27598 26820 26146 25346 25230 25083 24952 24832 24750 24684 24597 24536 24486 24455 24434 24404 24357 24287 24187 24059 23903 23718 23515 23290 23052 22797
   10     2 30886 30741 30699 30517 29345 28650 28398 27911 29257 26970 27112 26130 25390 24750 23992 23883 23743 23619 23506 23428 23365 23282 23225 23177 23147 23128 23099 23054 22988 22893 22772 22624 22448 22256 22043 21817 21576
   11     1 33495 32561 32735 32692 32752 31345 30552 30225 29310 30822 28570 28494 27730 26954 26280 25481 25366 25219 25089 24969 24886 24819 24732 24671 24620 24588 24566 24536 24487 24416 24316 24188 24032 23847 23644 23419 23181
   11     2 31775 31145 30922 30802 30613 29440 28745 28496 28013 29358 27078 27220 26243 25505 24865 24109 24000 23860 23737 23623 23545 23482 23399 23341 23293 23262 23242 23213 23167 23099 23005 22883 22735 22560 22368 22154 21929
   12     1 33891 33773 32763 32855 32802 32858 31452 30662 30336 29426 30937 28691 28616 27855 27080 26407 25609 25494 25347 25217 25097 25014 24947 24859 24797 24746 24713 24691 24659 24610 24538 24438 24309 24153 23968 23766 23541
   12     2 31848 32038 31334 31036 30908 30715 29542 28849 28603 28122 29466 27193 27335 26362 25625 24986 24230 24121 23982 23859 23745 23667 23603 23520 23461 23412 23381 23360 23330 23283 23215 23120 22998 22850 22675 22483 22270
   13     1 34648 34197 33991 32904 32987 32928 32982 31578 30790 30465 29558 31067 28827 28754 27994 27222 26548 25751 25636 25489 25359 25239 25156 25087 24999 24937 24885 24851 24827 24794 24744 24672 24572 24443 24287 24102 23900
   13     2 32972 32106 32220 31448 31144 31011 30816 29644 28953 28709 28229 29573 27306 27447 26477 25742 25103 24348 24239 24100 23977 23863 23784 23719 23636 23577 23527 23495 23473 23442 23395 23326 23231 23109 22961 22786 22594
   14     1 35374 34972 34433 34138 33048 33126 33063 33117 31715 30928 30604 29699 31207 28972 28899 28142 27370 26696 25900 25785 25638 25508 25387 25303 25234 25145 25082 25028 24993 24969 24935 24885 24812 24711 24583 24426 24241
   14     2 33426 33214 32281 32326 31551 31244 31109 30912 29742 29053 28809 28331 29674 27411 27553 26585 25852 25212 24458 24349 24211 24087 23973 23894 23828 23744 23685 23635 23602 23579 23547 23499 23431 23335 23214 23065 22890
   15     1 35230 35739 35237 34603 34299 33210 33285 33220 33274 31874 31088 30764 29862 31368 29137 29065 28310 27539 26865 26069 25954 25807 25676 25555 25470 25399 25309 25245 25191 25155 25129 25095 25044 24971 24870 24741 24585
   15     2 32923 33670 33390 32391 32430 31656 31347 31211 31015 29846 29157 28914 28437 29779 27521 27662 26697 25964 25325 24572 24463 24324 24201 24086 24006 23940 23855 23795 23744 23710 23687 23655 23607 23538 23443 23321 23172
   16     1 34261 35689 36081 35465 34824 34516 33428 33502 33436 33490 32090 31305 30982 30081 31586 29358 29287 28533 27763 27089 26292 26176 26029 25897 25775 25689 25617 25526 25460 25404 25367 25341 25306 25255 25181 25080 24951
   16     2 32266 33218 33891 33540 32539 32576 31802 31493 31357 31160 29991 29303 29061 28585 29925 27671 27812 26850 26118 25479 24726 24617 24478 24354 24239 24158 24091 24006 23945 23893 23858 23834 23802 23754 23685 23589 23467
   17     1 34585 34780 36066 36325 35700 35058 34748 33663 33738 33669 33723 32325 31541 31217 30318 31821 29597 29526 28773 28003 27329 26533 26416 26267 26134 26011 25923 25850 25757 25690 25633 25595 25568 25533 25481 25407 25305
   17     2 32460 32530 33404 34005 33651 32653 32688 31917 31609 31471 31273 30106 29420 29178 28703 30041 27792 27933 26973 26243 25604 24851 24742 24603 24479 24363 24282 24214 24128 24066 24014 23979 23955 23922 23873 23804 23708
   18     1 33803 35007 35091 36268 36523 35898 35256 34946 33866 33939 33870 33923 32526 31743 31420 30522 32023 29804 29734 28982 28213 27539 26743 26626 26477 26343 26219 26130 26055 25961 25893 25836 25798 25770 25735 25682 25608
   18     2 31910 32718 32717 33515 34115 33764 32768 32803 32035 31727 31589 31390 30226 29541 29300 28826 30162 27919 28060 27104 26375 25737 24986 24876 24737 24612 24496 24414 24345 24259 24196 24144 24109 24085 24052 24003 23934
   19     1 33769 34087 35223 35238 36409 36666 36041 35401 35092 34014 34086 34015 34067 32673 31891 31569 30673 32171 29958 29888 29138 28371 27697 26902 26784 26635 26501 26376 26286 26211 26116 26048 25991 25952 25925 25889 25836
   19     2 31947 32158 32903 32839 33634 34233 33883 32891 32926 32159 31851 31713 31514 30352 29669 29429 28956 30288 28054 28194 27242 26515 25879 25129 25019 24880 24754 24638 24555 24486 24399 24336 24283 24248 24223 24190 24141
   20     1 33286 34097 34333 35404 35415 36580 36836 36211 35573 35261 34187 34257 34185 34235 32844 32063 31741 30847 32342 30134 30064 29316 28550 27877 27083 26964 26814 26679 26553 26462 26386 26291 26222 26164 26125 26097 26061
   20     2 31883 32293 32410 33073 33011 33803 34397 34048 33060 33093 32328 32020 31881 31680 30522 29842 29602 29130 30456 28232 28372 27424 26699 26065 25317 25206 25066 24940 24822 24738 24668 24580 24517 24464 24428 24402 24368
   21     1 32769 33708 34413 34563 35625 35631 36787 37042 36416 35778 35467 34396 34464 34389 34437 33048 32268 31946 31055 32544 30342 30273 29526 28761 28088 27295 27175 27023 26887 26759 26667 26590 26495 26425 26366 26326 26297
   21     2 31568 32265 32577 32594 33253 33194 33977 34567 34220 33235 33267 32504 32195 32055 31852 30699 30021 29781 29311 30630 28418 28556 27612 26891 26258 25512 25400 25259 25131 25013 24927 24857 24768 24705 24651 24614 24587
   22     1 33916 33242 34075 34674 34812 35866 35867 37016 37270 36642 36006 35694 34627 34691 34614 34660 33274 32495 32172 31283 32767 30572 30502 29756 28992 28319 27527 27405 27252 27114 26985 26892 26814 26718 26647 26587 26546
   22     2 32108 32050 32606 32801 32815 33474 33413 34189 34774 34426 33445 33474 32713 32403 32262 32057 30909 30234 29994 29525 30836 28636 28772 27833 27114 26482 25739 25625 25482 25353 25234 25148 25076 24987 24922 24867 24829
   23     1 35835 34534 33721 34434 35017 35142 36190 36188 37330 37580 36953 36318 36005 34939 35001 34920 34964 33581 32803 32480 31593 33069 30881 30810 30065 29301 28628 27836 27712 27557 27417 27287 27193 27113 27015 26944 26882
   23     2 33472 32787 32540 32938 33134 33149 33801 33739 34507 35083 34734 33756 33782 33021 32710 32567 32360 31215 30543 30303 29835 31136 28949 29082 28147 27430 26799 26057 25941 25796 25665 25545 25457 25384 25294 25228 25172
   24     1 36201 36555 35101 34146 34851 35419 35538 36578 36572 37703 37953 37325 36691 36376 35314 35372 35288 35329 33949 33171 32847 31962 33431 31249 31176 30431 29667 28994 28202 28075 27918 27777 27646 27550 27469 27369 27296
   24     2 33840 34303 33426 32972 33367 33571 33580 34227 34162 34919 35487 35137 34161 34182 33423 33110 32965 32755 31615 30944 30704 30236 31528 29353 29483 28552 27835 27205 26464 26345 26198 26067 25945 25856 25781 25690 25623
   25     1 36116 37058 37212 35598 34640 35335 35892 36007 37037 37025 38149 38396 37768 37135 36818 35757 35812 35724 35762 34385 33608 33283 32399 33859 31683 31608 30863 30099 29424 28632 28503 28344 28202 28068 27971 27888 27787
   25     2 34304 34849 35068 33959 33498 33897 34099 34106 34747 34677 35423 35982 35630 34655 34673 33914 33599 33450 33238 32101 31432 31191 30724 32006 29841 29968 29039 28324 27693 26952 26831 26684 26551 26427 26337 26261 26168
   26     1 37328 37051 37764 37728 36117 35157 35842 36394 36502 37521 37506 38622 38866 38237 37605 37285 36227 36277 36187 36222 34847 34070 33744 32860 34312 32142 32063 31318 30553 29878 29085 28954 28794 28650 28515 28415 28331
   26     2 35359 35344 35635 35581 34484 34028 34422 34626 34630 35262 35188 35923 36475 36119 35147 35159 34401 34083 33931 33716 32582 31914 31671 31204 32477 30323 30445 29519 28804 28172 27433 27311 27162 27027 26903 26811 26733
   27     1 38428 38244 37754 38257 38210 36603 35644 36324 36868 36966 37978 37960 39069 39311 38681 38048 37727 36670 36717 36623 36655 35283 34506 34177 33294 34738 32573 32491 31746 30981 30304 29513 29380 29218 29072 28936 28835
   27     2 36700 36378 36088 36104 36052 34977 34516 34912 35118 35115 35741 35662 36388 36931 36574 35601 35610 34852 34531 34376 34158 33026 32360 32115 31648 32913 30767 30886 29962 29247 28615 27878 27755 27604 27469 27343 27250
   28     1 38569 39313 38905 38221 38705 38649 37046 36093 36769 37301 37393 38400 38379 39480 39719 39087 38455 38131 37077 37120 37023 37051 35681 34904 34574 33691 35126 32966 32882 32137 31372 30696 29904 29770 29607 29460 29322
   28     2 36702 37637 37053 36489 36512 36475 35407 34951 35349 35551 35544 36162 36081 36796 37333 36973 36002 36006 35249 34926 34768 34547 33416 32750 32505 32038 33294 31157 31272 30351 29637 29006 28270 28146 27995 27859 27732
   29     1 38666 39449 39962 39347 38655 39125 39061 37468 36521 37188 37714 37802 38802 38777 39870 40105 39472 38840 38514 37462 37502 37400 37426 36057 35279 34947 34064 35492 33337 33251 32506 31742 31066 30275 30140 29976 29827
   29     2 37074 37559 38230 37386 36825 36869 36831 35779 35326 35719 35919 35908 36521 36435 37143 37673 37312 36342 36343 35586 35262 35100 34877 33747 33082 32835 32368 33617 31487 31599 30681 29969 29339 28605 28480 28329 28192
   30     1 39269 39511 40068 40376 39748 39050 39507 39445 37859 36914 37576 38096 38182 39174 39145 40230 40462 39828 39196 38868 37818 37854 37749 37772 36404 35625 35291 34409 35829 33680 33592 32849 32085 31410 30620 30483 30318
   30     2 37734 37814 38071 38493 37660 37115 37160 37133 36093 35636 36027 36224 36209 36816 36728 37429 37954 37592 36623 36622 35866 35540 35375 35150 34022 33356 33109 32641 33884 31761 31871 30956 30247 29618 28885 28760 28608
   31     1 40435 40020 40071 40435 40728 40092 39387 39843 39780 38198 37258 37915 38431 38513 39498 39465 40542 40772 40137 39506 39176 38128 38161 38052 38071 36704 35926 35590 34708 36122 33978 33890 33148 32386 31710 30922 30784
   31     2 38366 38354 38234 38279 38700 37887 37342 37399 37376 36341 35882 36269 36465 36446 37049 36959 37653 38174 37812 36845 36841 36087 35760 35593 35365 34238 33573 33325 32858 34095 31979 32088 31177 30469 29841 29110 28985
   32     1 40915 41123 40522 40404 40755 41035 40391 39690 40142 40076 38500 37564 38218 38727 38806 39784 39747 40819 41046 40411 39781 39450 38404 38433 38321 38337 36971 36192 35855 34973 36382 34244 34155 33415 32654 31979 31191
   32     2 39156 38888 38710 38414 38461 38886 38077 37540 37603 37578 36549 36087 36472 36666 36643 37241 37150 37839 38357 37994 37030 37024 36271 35943 35774 35544 34418 33753 33505 33037 34271 32162 32270 31363 30656 30029 29300
   33     1 41291 41527 41551 40793 40681 41020 41288 40647 39946 40393 40327 38757 37826 38475 38979 39054 40025 39986 41052 41278 40643 40015 39682 38638 38664 38548 38563 37198 36419 36080 35200 36604 34471 34383 33644 32884 32210
   33     2 39957 39683 39233 38896 38603 38654 39073 38275 37741 37804 37778 36753 36289 36672 36864 36838 37433 37339 38024 38538 38175 37212 37204 36453 36123 35951 35720 34595 33930 33681 33215 34446 32343 32451 31546 30842 30216
   34     1 40838 41822 41897 41769 41015 40907 41235 41502 40861 40158 40602 40535 38972 38045 38689 39188 39260 40225 40184 41244 41470 40836 40209 39875 38832 38856 38737 38750 37387 36607 36268 35389 36790 34662 34574 33837 33079
   34     2 39406 40421 39994 39386 39057 38769 38818 39239 38446 37912 37975 37947 36927 36461 36842 37032 37004 37594 37500 38179 38690 38326 37365 37355 36604 36274 36099 35866 34742 34077 33829 33364 34592 32496 32603 31702 31000
   35     1 40645 41322 42144 42078 41948 41197 41090 41419 41683 41040 40336 40778 40712 39154 38231 38871 39364 39433 40393 40349 41405 41631 40997 40371 40036 38995 39017 38896 38907 37545 36767 36427 35550 36947 34824 34736 34002
   35     2 39138 39844 40710 40145 39530 39212 38927 38979 39397 38607 38073 38136 38108 37091 36623 37001 37190 37159 37746 37650 38324 38831 38467 37507 37494 36744 36413 36236 36001 34878 34214 33967 33503 34729 32639 32746 31848
   36     1 38886 41069 41612 42296 42228 42099 41349 41252 41576 41837 41195 40488 40930 40863 39311 38391 39027 39515 39581 40535 40490 41541 41766 41133 40508 40172 39133 39153 39030 39039 37680 36903 36563 35689 37082 34964 34877
   36     2 37922 39548 40113 40845 40280 39666 39355 39077 39129 39544 38757 38222 38285 38256 37242 36772 37148 37336 37302 37886 37788 38457 38961 38596 37637 37622 36872 36539 36360 36124 35002 34339 34093 33631 34855 32770 32877
   37     1 39168 39273 41302 41733 42413 42347 42216 41475 41384 41703 41961 41319 40614 41053 40986 39438 38523 39155 39639 39701 40650 40603 41649 41874 41241 40618 40281 39243 39262 39137 39146 37789 37015 36675 35803 37192 35080
   37     2 37284 38305 39794 40231 40961 40402 39788 39485 39211 39263 39675 38890 38356 38419 38388 37377 36906 37279 37466 37430 38011 37911 38576 39076 38710 37751 37734 36984 36650 36469 36232 35112 34450 34205 33745 34967 32888
   38     1 38450 39486 39482 41384 41821 42500 42436 42309 41571 41485 41801 42057 41417 40711 41148 41080 39538 38627 39255 39734 39794 40738 40689 41730 41955 41322 40701 40363 39327 39344 39218 39227 37873 37100 36761 35891 37278
   38     2 36673 37629 38532 39900 40332 41064 40511 39900 39603 39332 39384 39792 39011 38476 38540 38507 37499 37026 37398 37583 37545 38122 38021 38682 39178 38811 37853 37834 37084 36748 36566 36329 35211 34550 34307 33848 35068
   39     1 37633 38756 39669 39570 41457 41904 42581 42523 42396 41661 41580 41892 42149 41510 40803 41238 41169 39632 38725 39350 39824 39882 40820 40770 41807 42031 41399 40779 40440 39406 39422 39295 39305 37954 37183 36844 35976
   39     2 36327 36997 37835 38630 39988 40423 41156 40610 40000 39709 39441 39492 39898 39119 38584 38647 38613 37608 37133 37503 37688 37648 38222 38118 38775 39269 38900 37943 37921 37172 36836 36653 36415 35299 34640 34397 33940
   40     1 37702 37903 38902 39711 39622 41501 41955 42637 42580 42454 41723 41646 41957 42213 41574 40866 41300 41231 39699 38796 39419 39888 39944 40877 40825 41858 42082 41451 40832 40493 39461 39477 39350 39361 38012 37243 36904
   40     2 35720 36625 37186 37920 38710 40066 40502 41239 40697 40089 39802 39536 39588 39992 39215 38680 38742 38707 37705 37229 37597 37781 37739 38311 38206 38859 39350 38981 38024 38001 37252 36916 36732 36495 35380 34723 34481
   41     1 37747 37911 38013 38914 39716 39641 41514 41977 42659 42604 42480 41752 41681 41990 42245 41606 40898 41330 41261 39735 38836 39457 39922 39975 40904 40850 41879 42104 41474 40857 40518 39489 39505 39378 39390 38044 37278
   41     2 35977 35977 36789 37257 37982 38774 40129 40568 41307 40769 40162 39880 39617 39669 40070 39295 38759 38822 38786 37786 37310 37677 37860 37816 38385 38279 38929 39418 39049 38094 38070 37322 36987 36803 36566 35453 34797
   42     1 36506 37939 38008 38028 38915 39714 39650 41521 41988 42671 42619 42495 41772 41705 42011 42265 41627 40918 41349 41280 39759 38865 39482 39944 39994 40918 40863 41889 42113 41484 40870 40531 39505 39522 39394 39407 38065
   42     2 35395 36227 36135 36861 37319 38043 38836 40191 40631 41371 40839 40233 39955 39694 39746 40145 39371 38836 38899 38863 37865 37388 37754 37936 37891 38458 38351 38999 39486 39117 38164 38139 37393 37058 36875 36638 35527
   43     1 37247 36684 38020 38009 38023 38902 39702 39648 41513 41985 42671 42621 42498 41778 41715 42018 42272 41634 40924 41354 41285 39770 38879 39494 39952 40000 40919 40863 41885 42110 41482 40871 40532 39509 39526 39398 39412
   43     2 35434 35621 36365 36193 36913 37368 38091 38887 40241 40682 41424 40896 40291 40017 39758 39810 40206 39434 38899 38963 38926 37930 37453 37818 37999 37953 38518 38411 39056 39542 39174 38224 38199 37454 37120 36938 36701
   44     1 36528 37374 36743 37999 37979 37993 38867 39667 39620 41481 41958 42646 42599 42477 41760 41699 42001 42254 41616 40906 41335 41266 39757 38871 39483 39936 39982 40898 40840 41859 42085 41459 40850 40512 39492 39509 39382
   44     2 34891 35622 35741 36410 36230 36950 37403 38125 38922 40273 40717 41460 40937 40333 40061 39804 39855 40250 39480 38944 39009 38972 37978 37500 37864 38045 37998 38561 38454 39097 39582 39215 38267 38243 37499 37166 36984
   45     1 36277 36643 37414 36726 37967 37944 37960 38829 39627 39587 41445 41927 42617 42572 42450 41735 41679 41978 42230 41594 40884 41312 41243 39739 38856 39467 39916 39960 40872 40814 41830 42057 41433 40827 40490 39472 39490
   45     2 34562 35060 35722 35781 36438 36256 36977 37428 38148 38945 40295 40740 41484 40964 40361 40092 39836 39888 40280 39512 38977 39042 39005 38013 37535 37897 38078 38029 38591 38483 39125 39610 39243 38298 38273 37531 37199
   46     1 35126 36383 36677 37381 36694 37927 37901 37920 38782 39577 39546 41401 41887 42578 42535 42413 41701 41648 41945 42197 41561 40851 41278 41210 39711 38832 39440 39886 39929 40837 40778 41791 42020 41398 40794 40458 39443
   46     2 33864 34707 35145 35743 35800 36452 36269 36988 37437 38155 38953 40301 40748 41491 40976 40372 40107 39852 39904 40295 39529 38994 39059 39021 38031 37553 37915 38095 38045 38605 38497 39138 39622 39256 38313 38288 37548
   47     1 35992 35199 36391 36630 37324 36641 37867 37838 37857 38715 39509 39484 41337 41826 42518 42477 42355 41646 41596 41891 42143 41508 40799 41224 41156 39662 38787 39393 39836 39877 40782 40723 41734 41963 41344 40742 40407
   47     2 34296 33991 34780 35165 35754 35812 36461 36276 36993 37440 38157 38955 40301 40748 41492 40979 40376 40113 39861 39912 40301 39537 39002 39067 39028 38041 37562 37922 38102 38051 38610 38502 39141 39624 39259 38318 38293
   48     1 36600 36031 35189 36324 36556 37245 36567 37786 37753 37773 38627 39422 39403 41252 41744 42437 42397 42275 41569 41523 41817 42068 41434 40725 41150 41081 39592 38722 39325 39766 39805 40707 40648 41656 41887 41269 40671
   48     2 35472 34426 34061 34797 35177 35761 35823 36467 36281 36995 37441 38157 38954 40297 40745 41489 40979 40377 40116 39865 39916 40303 39541 39006 39071 39032 38047 37566 37926 38105 38054 38611 38504 39141 39623 39258 38319
   49     1 37914 36620 36003 35121 36244 36471 37156 36484 37693 37658 37680 38532 39326 39313 41158 41652 42347 42309 42188 41485 41443 41734 41985 41353 40644 41068 41000 39517 38650 39252 39690 39729 40627 40569 41575 41807 41192
   49     2 36905 35556 34473 34058 34790 35169 35750 35813 36452 36265 36978 37424 38137 38934 40275 40723 41466 40959 40358 40099 39850 39901 40286 39526 38991 39056 39016 38033 37552 37911 38089 38038 38595 38487 39123 39604 39240
   50     1 38137 37910 36574 35916 35033 36146 36373 37052 36384 37587 37551 37576 38424 39217 39209 41051 41548 42244 42208 42088 41388 41350 41640 41891 41260 40552 40975 40908 39430 38568 39169 39605 39643 40539 40481 41485 41719
   50     2 36422 36975 35590 34474 34050 34783 35162 35738 35803 36436 36249 36961 37406 38117 38913 40251 40699 41442 40938 40338 40081 39833 39883 40267 39509 38974 39038 38998 38018 37536 37894 38072 38020 38576 38468 39103 39584
   51     1 39280 38120 37848 36479 35816 34935 36043 36267 36940 36278 37475 37438 37465 38309 39101 39098 40936 41436 42134 42100 41981 41285 41251 41540 41791 41162 40454 40878 40812 39340 38483 39082 39516 39555 40449 40391 41393
   51     2 37653 36469 36982 35566 34454 34027 34759 35136 35708 35774 36405 36217 36928 37371 38080 38876 40211 40659 41402 40901 40302 40048 39802 39852 40235 39478 38944 39008 38967 37990 37508 37866 38044 37992 38547 38440 39073
   52     1 39009 39230 38046 37734 36365 35701 34825 35928 36148 36816 36160 37352 37313 37342 38183 38973 38975 40810 41314 42012 41981 41864 41172 41141 41430 41681 41053 40347 40770 40706 39240 38388 38987 39420 39458 40350 40292
   52     2 37722 37674 36466 36943 35530 34423 33994 34725 35100 35667 35735 36363 36175 36884 37326 38034 38829 40162 40610 41354 40856 40258 40006 39762 39813 40195 39440 38907 38971 38931 37956 37475 37832 38011 37959 38514 38407
   53     1 38525 38951 39136 37933 37615 36250 35587 34715 35810 36029 36695 36045 37230 37190 37221 38058 38847 38853 40685 41191 41891 41863 41747 41059 41032 41320 41571 40946 40242 40665 40603 39143 38296 38895 39326 39364 40255
   53     2 37133 37713 37645 36416 36887 35477 34376 33944 34672 35046 35610 35682 36307 36118 36825 37266 37972 38768 40099 40548 41292 40797 40201 39953 39711 39762 40143 39391 38858 38923 38884 37912 37432 37790 37969 37918 38472
   54     1 39108 38438 38837 38989 37796 37472 36114 35452 34582 35670 35889 36551 35908 37086 37044 37076 37909 38697 38708 40537 41047 41748 41722 41608 40925 40902 41189 41441 40818 40116 40539 40478 39026 38184 38782 39212 39251
   54     2 37776 37122 37681 37589 36365 36833 35430 34335 33901 34628 35003 35565 35638 36261 36072 36778 37218 37922 38718 40047 40497 41241 40750 40156 39909 39669 39722 40102 39352 38820 38887 38848 37880 37401 37759 37939 37888
   55     1 38661 38991 38293 38675 38824 37640 37313 35960 35298 34432 35516 35734 36393 35755 36928 36884 36918 37748 38535 38551 40377 40889 41592 41569 41457 40778 40760 41047 41299 40678 39979 40403 40344 38898 38062 38660 39089
   55     2 37317 37712 37055 37593 37504 36287 36754 35355 34263 33827 34554 34928 35487 35563 36183 35993 36697 37136 37840 38636 39963 40414 41159 40672 40079 39836 39599 39652 40032 39284 38754 38822 38784 37819 37342 37700 37881
   56     1 37430 38535 38848 38123 38508 38655 37480 37151 35803 35141 34281 35359 35576 36231 35599 36765 36720 36756 37583 38368 38389 40211 40727 41431 41411 41301 40627 40613 40899 41152 40534 39837 40262 40206 38767 37936 38534
   56     2 36294 37253 37639 36964 37503 37417 36207 36671 35276 34188 33752 34478 34851 35407 35484 36101 35911 36614 37052 37754 38551 39876 40328 41074 40591 40000 39760 39526 39581 39960 39215 38686 38755 38719 37757 37282 37640
   57     1 37427 37282 38362 38660 37932 38319 38465 37298 36966 35625 34965 34111 35183 35398 36047 35422 36581 36535 36573 37397 38181 38207 40025 40543 41249 41232 41125 40455 40445 40732 40985 40371 39677 40103 40048 38617 37792
   57     2 35548 36204 37160 37530 36859 37400 37318 36114 36573 35182 34100 33664 34387 34760 35311 35391 36005 35814 36516 36953 37654 38452 39775 40228 40975 40496 39907 39671 39440 39496 39874 39133 38605 38676 38641 37682 37209
   58     1 36549 37252 37099 38154 38455 37726 38114 38260 37100 36767 35434 34776 33926 34992 35205 35850 35231 36383 36336 36377 37197 37979 38010 39825 40345 41052 41038 40934 40269 40264 40551 40805 40194 39503 39930 39878 38454
   58     2 34939 35459 36111 37050 37422 36755 37297 37217 36017 36473 35087 34010 33574 34295 34666 35214 35295 35907 35715 36416 36852 37552 38350 39672 40126 40873 40399 39812 39580 39351 39409 39787 39048 38522 38595 38561 37606
   59     1 35670 36358 37044 36883 37929 38233 37505 37894 38037 36888 36554 35229 34574 33729 34787 34998 35639 35027 36172 36124 36167 36984 37765 37800 39610 40134 40842 40831 40730 40071 40070 40357 40612 40005 39318 39745 39696
   59     2 34304 34849 35364 35997 36937 37311 36648 37190 37110 35916 36370 34989 33916 33480 34198 34568 35112 35196 35804 35612 36312 36747 37446 38245 39565 40020 40768 40298 39714 39485 39259 39318 39696 38961 38437 38511 38479
   60     1 33800 35462 36135 36801 36646 37686 37993 37265 37655 37799 36661 36327 35012 34358 33519 34570 34780 35416 34811 35949 35901 35947 36761 37540 37580 39385 39912 40621 40613 40515 39862 39866 40154 40410 39807 39125 39552
   60     2 33195 34163 34711 35209 35842 36785 37162 36503 37044 36964 35778 36231 34855 33787 33350 34066 34434 34974 35060 35665 35473 36171 36606 37303 38102 39420 39877 40626 40161 39580 39355 39133 39194 39571 38840 38318 38394
   61     1 33172 33562 35223 35880 36542 36394 37428 37737 37010 37402 37547 36420 36086 34780 34128 33295 34339 34547 35179 34581 35713 35664 35713 36523 37301 37347 39147 39676 40386 40382 40287 39640 39649 39937 40195 39597 38918
   61     2 32066 33051 34022 34554 35054 35689 36633 37011 36353 36894 36817 35639 36088 34717 33655 33216 33929 34296 34832 34920 35521 35330 36026 36459 37156 37955 39271 39729 40479 40019 39441 39220 39001 39064 39442 38714 38195
   62     1 32312 32914 33313 34957 35613 36271 36130 37158 37468 36745 37138 37284 36168 35834 34537 33889 33062 34098 34306 34934 34343 35468 35420 35471 36278 37054 37105 38900 39431 40143 40143 40052 39412 39426 39714 39973 39380
   62     2 31536 31901 32897 33852 34389 34892 35527 36468 36846 36190 36732 36658 35486 35933 34567 33510 33071 33781 34146 34678 34769 35366 35174 35868 36301 36996 37795 39109 39569 40319 39864 39289 39073 38858 38923 39300 38577
   63     1 31731 32028 32634 33025 34666 35318 35975 35839 36860 37173 36456 36850 36997 35891 35558 34272 33627 32807 33837 34043 34667 34085 35202 35155 35210 36013 36788 36844 38633 39168 39881 39884 39797 39165 39184 39473 39733
   63     2 31009 31361 31728 32710 33667 34208 34714 35346 36284 36662 36011 36553 36480 35316 35759 34399 33347 32909 33615 33978 34506 34599 35193 35002 35694 36126 36819 37618 38929 39390 40141 39692 39121 38910 38698 38765 39142
   64     1 31439 31435 31739 32331 32727 34362 35012 35666 35535 36551 36867 36156 36550 36697 35604 35272 33997 33356 32544 33566 33772 34392 33818 34928 34882 34940 35740 36513 36575 38358 38895 39610 39618 39535 38909 38934 39225
   64     2 30817 30823 31183 31536 32520 33480 34021 34527 35156 36091 36471 35824 36365 36294 35137 35576 34223 33177 32739 33442 33803 34327 34423 35013 34822 35512 35943 36635 37434 38741 39204 39955 39512 38945 38738 38531 38600
   65     1 30606 31109 31108 31407 31997 32395 34024 34671 35320 35195 36206 36525 35818 36213 36360 35278 34946 33683 33046 32240 33254 33458 34073 33508 34610 34563 34625 35421 36193 36262 38039 38580 39296 39309 39231 38613 38644
   65     2 30665 30606 30622 30971 31324 32307 33264 33803 34308 34933 35866 36248 35604 36144 36073 34923 35357 34011 32971 32532 33230 33590 34107 34206 34790 34599 35287 35716 36406 37205 38509 38975 39726 39291 38728 38527 38324
   66     1 29615 30258 30765 30754 31059 31645 32046 33665 34309 34955 34837 35843 36163 35462 35857 36004 34935 34603 33353 32719 31922 32927 33130 33740 33185 34278 34232 34297 35090 35859 35936 37706 38251 38969 38987 38913 38304
   66     2 29801 30432 30391 30396 30750 31102 32082 33036 33572 34076 34700 35631 36013 35371 35911 35840 34698 35127 33788 32755 32315 33009 33366 33877 33980 34558 34368 35052 35480 36169 36967 38269 38737 39489 39061 38502 38307
   67     1 29427 29250 29890 30392 30382 30693 31275 31678 33285 33927 34571 34460 35459 35782 35087 35482 35629 34575 34244 33007 32379 31591 32586 32789 33393 32849 33933 33888 33957 34746 35514 35598 37361 37910 38630 38653 38584
   67     2 29959 29551 30186 30142 30150 30507 30858 31833 32783 33318 33824 34446 35371 35754 35115 35653 35583 34451 34874 33544 32518 32078 32768 33123 33629 33734 34307 34118 34799 35226 35913 36711 38009 38480 39232 38813 38259
   68     1 28422 29038 28869 29498 30000 29992 30309 30885 31290 32886 33525 34168 34064 35056 35381 34693 35089 35237 34197 33868 32646 32024 31245 32232 32434 33034 32500 33576 33531 33605 34390 35157 35248 37005 37558 38279 38308
   68     2 28912 29692 29306 29922 29887 29898 30256 30606 31576 32522 33057 33564 34183 35103 35485 34850 35387 35318 34195 34614 33293 32275 31835 32520 32874 33374 33483 34050 33862 34540 34966 35652 36450 37744 38217 38970 38558
   69     1 27340 28020 28635 28467 29092 29596 29590 29911 30482 30889 32473 33110 33751 33654 34640 34966 34287 34684 34833 33809 33483 32277 31660 30892 31870 32072 32667 32145 33212 33169 33247 34028 34794 34893 36642 37199 37922
   69     2 28346 28633 29408 29023 29635 29607 29621 29980 30328 31293 32237 32771 33278 33894 34807 35190 34559 35096 35028 33916 34330 33019 32010 31571 32252 32604 33098 33211 33773 33586 34262 34686 35371 36168 37458 37934 38687
   70     1 26615 26955 27633 28248 28091 28716 29221 29223 29548 30119 30529 32103 32741 33383 33294 34277 34608 33942 34343 34498 33491 33174 31985 31380 30625 31600 31806 32402 31889 32953 32916 32999 33780 34545 34648 36391 36949
   70     2 27775 28069 28358 29130 28753 29364 29341 29359 29720 30068 31030 31970 32504 33012 33627 34538 34922 34300 34838 34774 33675 34090 32792 31794 31361 32041 32394 32888 33004 33566 33384 34059 34485 35168 35964 37251 37727
   71     1 26081 26205 26548 27225 27839 27693 28318 28824 28835 29164 29736 30149 31711 32350 32993 32913 33893 34229 33579 33982 34143 33154 32847 31677 31084 30342 31315 31524 32121 31619 32680 32649 32736 33517 34282 34390 36125
   71     2 26988 27462 27758 28049 28819 28451 29060 29043 29066 29427 29778 30735 31671 32206 32714 33329 34237 34623 34011 34549 34491 33405 33821 32538 31552 31126 31805 32160 32654 32773 33335 33158 33833 34259 34942 35737 37019
   72     1 24730 25621 25752 26099 26774 27388 27254 27878 28386 28406 28740 29313 29729 31279 31918 32561 32492 33469 33809 33176 33583 33751 32781 32486 31336 30757 30029 30998 31213 31810 31320 32377 32353 32446 33226 33990 34104
   72     2 25289 26648 27122 27420 27714 28480 28122 28730 28718 28747 29110 29462 30415 31347 31882 32390 33004 33910 34298 33697 34235 34183 33112 33530 32262 31289 30872 31550 31906 32401 32523 33085 32914 33587 34015 34698 35492
   73     1 24603 24256 25140 25279 25630 26304 26917 26795 27418 27928 27958 28295 28869 29288 30825 31465 32109 32050 33023 33369 32753 33164 33339 32389 32106 30977 30412 29699 30665 30885 31483 31004 32058 32040 32139 32919 33683
   73     2 25593 24935 26282 26756 27056 27352 28115 27768 28375 28369 28403 28768 29122 30070 30998 31533 32042 32656 33558 33948 33359 33898 33853 32797 33217 31966 31007 30598 31275 31633 32128 32255 32817 32651 33324 33753 34435
   74     1 24117 24064 23736 24612 24759 25114 25785 26397 26289 26911 27422 27462 27804 28379 28801 30323 30964 31608 31561 32530 32880 32283 32699 32881 31954 31683 30578 30029 29333 30295 30519 31119 30653 31702 31693 31798 32576
   74     2 25212 25204 24563 25896 26370 26673 26972 27730 27395 28000 28002 28042 28409 28765 29708 30631 31166 31676 32289 33187 33580 33004 33543 33505 32466 32887 31655 30710 30311 30986 31346 31842 31972 32535 32375 33048 33478
   75     1 24028 23536 23496 23188 24056 24211 24570 25238 25849 25754 26375 26887 26937 27284 27859 28285 29791 30431 31076 31040 32004 32361 31784 32203 32393 31490 31232 30152 29619 28941 29899 30129 30729 30277 31321 31320 31432
   75     2 25053 24773 24773 24150 25469 25943 26249 26550 27305 26982 27586 27595 27642 28011 28369 29306 30224 30759 31270 31883 32778 33173 32611 33151 33120 32100 32523 31311 30382 29993 30667 31029 31526 31661 32223 32071 32743
   76     1 23585 23380 22914 22888 22600 23458 23622 23984 24649 25258 25177 25796 26309 26370 26721 27296 27725 29213 29853 30498 30475 31433 31795 31240 31663 31861 30983 30740 29686 29171 28513 29465 29701 30301 29864 30903 30910
   76     2 25330 24565 24299 24308 23705 25008 25482 25791 26096 26846 26537 27139 27156 27210 27581 27942 28873 29786 30321 30833 31446 32336 32734 32188 32729 32706 31706 32131 30940 30029 29651 30324 30688 31186 31325 31888 31744
   77     1 23659 22877 22692 22254 22241 21974 22821 22994 23359 24019 24625 24559 25176 25689 25761 26116 26690 27122 28591 29230 29874 29864 30816 31183 30650 31078 31284 30433 30206 29180 28684 28046 28993 29234 29834 29413 30446
   77     2 25670 24779 24040 23790 23808 23226 24512 24986 25299 25607 26353 26058 26659 26684 26746 27120 27483 28408 29315 29851 30364 30976 31862 32263 31733 32275 32261 31282 31710 30542 29650 29284 29955 30322 30821 30966 31529
   78     1 20104 22849 22109 21945 21535 21537 21292 22127 22307 22675 23330 23933 23882 24495 25008 25092 25451 26024 26458 27904 28542 29184 29188 30132 30505 29997 30428 30643 29822 29611 28617 28141 27525 28465 28712 29313 28909
   78     2 22464 25042 24184 23474 23240 23267 22709 23977 24451 24766 25078 25819 25540 26139 26173 26244 26620 26986 27904 28804 29341 29854 30466 31347 31752 31240 31783 31778 30823 31253 30110 29239 28885 29555 29925 30425 30575
   79     1 18718 19333 21990 21293 21151 20771 20788 20565 21386 21575 21945 22593 23191 23156 23765 24277 24372 24735 25306 25742 27164 27799 28439 28457 29392 29770 29288 29723 29946 29157 28963 28003 27549 26958 27890 28143 28743
   79     2 20976 21840 24359 23537 22858 22641 22679 22146 23393 23867 24186 24502 25236 24975 25571 25615 25695 26073 26442 27352 28245 28782 29297 29908 30784 31191 30699 31243 31248 30319 30751 29636 28787 28447 29115 29488 29989
   80     1 15908 17920 18525 21087 20435 20315 19965 19996 19797 20602 20799 21170 21810 22403 22384 22987 23497 23604 23970 24538 24976 26370 27002 27640 27672 28596 28979 28525 28963 29195 28439 28264 27340 26909 26343 27265 27525
   80     2 18072 20320 21170 23625 22841 22194 21997 22046 21539 22764 23236 23559 23878 24606 24363 24956 25011 25100 25481 25852 26753 27639 28176 28691 29301 30170 30582 30110 30655 30671 29769 30204 29119 28294 27969 28635 29010
   81     1 13761 15125 17054 17645 20104 19500 19402 19084 19130 18955 19742 19946 20318 20948 21534 21531 22128 22635 22753 23122 23685 24124 25487 26115 26748 26795 27707 28094 27670 28111 28352 27633 27477 26593 26187 25649 26560
   81     2 16329 17426 19607 20441 22828 22084 21472 21294 21355 20876 22076 22548 22874 23197 23917 23693 24282 24348 24447 24831 25205 26096 26972 27509 28024 28633 29495 29910 29461 30006 30034 29163 29601 28548 27749 27440 28104
   82     1 11160 12994 14297 16137 16713 19060 18506 18430 18145 18205 18054 18820 19031 19402 20021 20597 20611 21199 21701 21831 22202 22759 23197 24525 25147 25774 25837 26733 27124 26731 27174 27424 26744 26609 25768 25389 24881
   82     2 13808 15672 16738 18847 19663 21975 21274 20699 20542 20614 20166 21339 21808 22138 22464 23175 22972 23557 23635 23744 24130 24507 25387 26253 26788 27304 27911 28765 29184 28759 29304 29345 28506 28946 27928 27159 26867
   83     1 10812 10451 12183 13419 15163 15721 17948 17444 17390 17139 17212 17086 17828 18046 18415 19019 19583 19614 20190 20687 20828 21198 21748 22184 23473 24085 24704 24783 25662 26056 25696 26140 26397 25760 25647 24852 24501
   83     2 13587 13161 14951 15982 18011 18807 21036 20382 19847 19712 19796 19380 20523 20990 21323 21652 22353 22172 22752 22842 22962 23350 23730 24596 25450 25985 26500 27104 27950 28371 27973 28519 28572 27769 28212 27233 26495
   84     1  9535 10026  9704 11326 12490 14130 14668 16765 16313 16281 16063 16150 16049 16763 16985 17350 17937 18488 18534 19097 19585 19737 20106 20646 21078 22322 22924 23532 23627 24484 24879 24555 24998 25263 24672 24581 23836
   84     2 12520 12868 12477 14188 15181 17126 17899 20038 19433 18940 18827 18924 18541 19651 20114 20449 20781 21470 21312 21885 21988 22119 22508 22889 23741 24581 25114 25628 26228 27063 27488 27118 27662 27730 26966 27411 26473
   85     1  8298  8742  9205  8922 10428 11515 13045 13559 15518 15118 15107 14924 15022 14946 15630 15854 16213 16781 17315 17377 17924 18401 18562 18929 19456 19883 21076 21665 22261 22370 23202 23598 23310 23751 24024 23480 23413
   85     2 11387 11767 12107 11752 13378 14330 16181 16929 18972 18416 17966 17876 17985 17638 18710 19168 19503 19837 20512 20377 20943 21057 21199 21588 21971 22805 23629 24158 24670 25265 26086 26513 26173 26716 26798 26075 26521
   86     1  7078  7512  7927  8360  8115  9499 10505 11918 12406 14219 13872 13881 13731 13840 13788 14437 14664 15015 15559 16074 16151 16679 17142 17313 17674 18187 18606 19743 20316 20896 21021 21824 22218 21969 22406 22684 22191
   86     2 10000 10600 10967 11298 10979 12513 13418 15169 15888 17824 17321 16915 16848 16967 16656 17686 18137 18471 18805 19462 19352 19907 20033 20185 20573 20955 21768 22573 23096 23604 24191 24996 25424 25116 25655 25752 25074
   87     1  5960  6320  6720  7103  7504  7297  8555  9477 10769 11228 12888 12594 12621 12503 12621 12592 13204 13430 13770 14289 14781 14872 15377 15825 16002 16356 16851 17260 18337 18891 19452 19590 20362 20752 20541 20971 21253
   87     2  8926  9204  9769 10121 10440 10159 11592 12447 14088 14773 16593 16143 15784 15738 15867 15594 16575 17015 17348 17679 18315 18230 18770 18907 19069 19453 19832 20620 21402 21917 22417 22994 23779 24206 23931 24464 24576
   88     1  4891  5237  5564  5927  6278  6644  6473  7603  8438  9605 10031 11535 11290 11333 11246 11370 11362 11933 12155 12482 12972 13439 13541 14021 14449 14631 14976 15449 15845 16856 17387 17927 18076 18811 19194 19022 19443
   88     2  7775  8114  8379  8907  9240  9545  9301 10627 11426 12950 13597 15291 14895 14581 14557 14694 14458 15386 15812 16139 16466 17077 17015 17538 17685 17854 18233 18606 19365 20118 20621 21112 21676 22436 22858 22619 23143
   89     1  4095  4230  4538  4832  5158  5474  5805  5666  6669  7415  8457  8849 10193  9995 10052  9991 10119 10129 10656 10873 11183 11640 12078 12189 12641 13047 13231 13562 14011 14391 15330 15835 16349 16507 17201 17574 17439
   89     2  6849  6960  7275  7525  8011  8323  8611  8403  9616 10353 11750 12355 13914 13572 13304 13299 13442 13242 14110 14520 14838 15156 15738 15700 16201 16355 16530 16899 17264 17987 18707 19195 19672 20218 20948 21363 21161
   90     1  3371  3459  3581  3851  4110  4397  4677  4971  4862  5735  6390  7302  7656  8838  8683  8749  8713  8842  8867  9345  9553  9843 10264 10669 10785 11204 11583 11766 12080 12500 12859 13720 14193 14676 14841 15487 15846
   90     2  6105  6023  6132  6420  6651  7093  7382  7649  7476  8569  9240 10503 11060 12474 12186 11962 11975 12121 11957 12759 13146 13453 13759 14306 14289 14764 14923 15102 15457 15810 16492 17171 17640 18099 18622 19315 19720
   91     1  3012  2783  2863  2971  3203  3427  3675  3918  4174  4092  4838  5402  6188  6502  7521  7405  7477  7462  7587  7624  8051  8246  8514  8894  9262  9381  9763 10111 10289 10583 10970 11304 12081 12519 12966 13133 13727
   91     2  5546  5267  5206  5309  5569  5780  6174  6437  6682  6542  7510  8112  9235  9741 11004 10766 10585 10612 10757 10628 11357 11719 12009 12300 12807 12810 13253 13414 13592 13931 14267 14901 15535 15979 16415 16909 17560
   92     1  2222  2425  2247  2318  2412  2607  2796  3006  3212  3431  3372  3995  4472  5134  5407  6269  6186  6260  6261  6380  6425  6799  6978  7219  7558  7886  8003  8345  8660  8829  9098  9448  9754 10443 10842 11249 11413
   92     2  4749  4682  4456  4413  4509  4738  4927  5272  5507  5726  5616  6459  6988  7970  8421  9528  9337  9195  9234  9375  9277  9929 10261 10531 10803 11264 11284 11691 11850 12025 12341 12657 13238 13819 14233 14641 15102
   93     1  1771  1741  1905  1770  1831  1910  2070  2226  2400  2571  2753  2713  3223  3616  4162  4394  5106  5051  5123  5136  5245  5294  5615  5776  5988  6282  6569  6680  6981  7259  7416  7657  7967  8241  8841  9196  9559
   93     2  3896  3914  3867  3687  3659  3745  3944  4109  4405  4610  4802  4719  5437  5893  6733  7127  8078  7930  7823  7869  8003  7933  8504  8803  9049  9297  9709  9741 10109 10261 10428 10719 11010 11531 12056 12434 12809
   94     1  1281  1346  1327  1456  1357  1408  1473  1601  1726  1866  2005  2152  2126  2532  2849  3287  3479  4053  4019  4086  4106  4204  4253  4522  4662  4844  5094  5338  5441  5698  5938  6079  6290  6559  6798  7308  7617
   94     2  3002  3126  3147  3116  2977  2960  3037  3204  3345  3593  3767  3932  3871  4469  4853  5555  5890  6689  6578  6501  6551  6674  6627  7116  7379  7598  7819  8180  8220  8544  8687  8843  9103  9365  9824 10286 10625
   95     1   927   942   993   982  1081  1010  1051  1103  1202  1300  1409  1518  1634  1619  1933  2181  2522  2677  3127  3108  3169  3192  3276  3323  3541  3659  3812  4017  4220  4311  4525  4726  4850  5029  5256  5460  5881
   95     2  2351  2339  2441  2463  2444  2340  2331  2397  2534  2650  2853  2997  3135  3092  3576  3891  4463  4741  5394  5315  5262  5312  5422  5393  5802  6027  6216  6409  6716  6760  7038  7168  7309  7537  7766  8160  8557
   96     1   622   658   671   710   704   777   729   760   800   875   948  1031  1114  1202  1195  1430  1618  1877  1997  2339  2331  2382  2406  2476  2517  2689  2786  2909  3074  3237  3315  3487  3651  3755  3903  4088  4256
   96     2  1727  1774  1769  1850  1871  1860  1785  1782  1836  1945  2039  2199  2315  2426  2398  2779  3029  3481  3705  4223  4169  4136  4183  4277  4262  4594  4780  4940  5102  5356  5401  5633  5747  5869  6063  6257  6586
   97     1   459   426   452   462   490   488   540   508   531   561   615   669   729   790   855   852  1023  1160  1350  1440  1691  1690  1732  1754  1809  1844  1975  2052  2148  2275  2401  2465  2600  2728  2813  2930  3076
   97     2  1288  1259  1296  1295  1358  1376  1371  1318  1319  1362  1445  1518  1641  1731  1818  1800  2090  2283  2629  2804  3202  3167  3147  3189  3267  3262  3522  3672  3802  3933  4136  4178  4366  4462  4565  4724  4884
   98     1   324   302   281   299   307   327   326   362   341   358   379   417   455   497   540   587   586   706   803   936  1002  1179  1182  1214  1233  1275  1303  1399  1457  1529  1624  1718  1768  1870  1967  2032  2123
   98     2   938   905   886   914   916   962   977   975   940   942   974  1037  1091  1182  1249  1314  1304  1517  1660  1915  2047  2342  2321  2311  2346  2408  2408  2605  2721  2822  2925  3081  3118  3264  3342  3425  3550
   99     1   184   205   191   179   191   196   210   210   234   221   233   247   272   298   327   356   387   388   468   534   625   670   791   795   819   834   865   886   954   996  1047  1115  1183  1220  1293  1364  1413
   99     2   697   633   612   601   621   623   656   667   668   645   648   671   715   754   819   867   914   909  1059  1161  1342  1437  1647  1635  1631  1659  1706  1709  1852  1938  2014  2091  2207  2237  2346  2405  2470