Alder Kjønn  2024  2025  2026  2027  2028  2029  2030  2031  2032  2033  2034  2035  2036  2037  2038  2039  2040  2041  2042  2043  2044  2045  2046  2047  2048  2049  2050  2051  2052  2053  2054  2055  2056  2057  2058  2059  2060
    0     1 26771 27503 28305 29361 30270 30645 30910 31213 31514 31869 32260 32633 33050 33044 33061 33111 33172 33213 33227 33204 33147 33058 32938 32806 32660 32517 32381 32279 32205 32183 32208 32288 32429 32622 32859 33133 33430
    0     2 25637 26050 26809 27807 28667 29023 29273 29560 29844 30180 30550 30904 31298 31292 31308 31355 31413 31452 31465 31443 31389 31305 31190 31065 30927 30792 30663 30566 30496 30475 30499 30574 30708 30890 31114 31374 31655
    1     1 27202 27400 28093 28782 29757 30655 31028 31295 31599 31901 32256 32646 33020 33436 33433 33453 33506 33571 33615 33631 33612 33558 33472 33355 33226 33083 32944 32811 32713 32642 32622 32650 32733 32877 33072 33311 33588
    1     2 25788 26234 26614 27261 28179 29029 29382 29634 29923 30208 30545 30914 31268 31662 31659 31678 31728 31789 31830 31846 31827 31776 31695 31584 31462 31327 31195 31069 30976 30909 30890 30917 30995 31131 31316 31542 31804
    2     1 29766 27706 27867 28440 29048 30013 30903 31277 31545 31851 32153 32507 32897 33270 33686 33687 33710 33766 33832 33879 33898 33881 33831 33747 33633 33507 33367 33231 33101 33005 32937 32920 32951 33036 33182 33380 33621
    2     2 28369 26271 26675 26943 27512 28422 29263 29617 29871 30161 30447 30782 31151 31504 31899 31899 31921 31973 32036 32080 32098 32083 32035 31956 31847 31728 31596 31467 31343 31253 31189 31173 31202 31283 31421 31608 31837
    3     1 28338 30192 28105 28150 28644 29252 30212 31096 31471 31741 32047 32350 32704 33093 33466 33883 33886 33912 33970 34039 34088 34110 34096 34048 33967 33855 33732 33595 33461 33333 33241 33175 33161 33194 33281 33430 33629
    3     2 27125 28785 26661 26945 27139 27709 28614 29450 29806 30061 30351 30637 30972 31341 31694 32089 32092 32117 32172 32237 32283 32304 32291 32245 32169 32063 31947 31817 31690 31569 31482 31420 31406 31438 31521 31661 31850
    4     1 29373 28740 30541 28346 28316 28811 29420 30375 31253 31629 31900 32206 32509 32863 33251 33625 34042 34048 34078 34138 34209 34260 34285 34273 34227 34149 34039 33919 33784 33653 33528 33437 33375 33363 33398 33488 33638
    4     2 27707 27504 29115 26888 27094 27294 27865 28765 29596 29951 30208 30498 30785 31120 31488 31842 32236 32242 32270 32327 32395 32443 32466 32455 32412 32338 32234 32120 31993 31868 31750 31665 31605 31594 31628 31713 31856
    5     1 29773 29762 29086 30751 28488 28464 28962 29574 30523 31395 31771 32043 32350 32653 33007 33396 33771 34187 34197 34229 34292 34366 34419 34445 34436 34392 34317 34210 34092 33959 33831 33708 33620 33560 33550 33588 33680
    5     2 28021 28070 27824 29311 27021 27228 27435 28008 28903 29728 30084 30342 30632 30919 31255 31623 31977 32372 32381 32411 32471 32540 32591 32616 32607 32565 32494 32392 32281 32155 32033 31918 31835 31777 31768 31804 31892
    6     1 30629 30152 30094 29296 30872 28625 28609 29114 29727 30670 31535 31911 32184 32492 32796 33151 33540 33915 34332 34344 34379 34445 34520 34576 34604 34596 34555 34481 34377 34261 34131 34004 33884 33799 33741 33733 33774
    6     2 28797 28397 28400 28033 29436 27162 27373 27589 28164 29053 29871 30227 30486 30777 31065 31401 31770 32125 32519 32531 32564 32626 32697 32750 32777 32770 32731 32661 32562 32452 32329 32210 32096 32015 31960 31954 31992
    7     1 32102 31003 30478 30292 29415 30988 28758 28752 29261 29875 30811 31669 32045 32320 32629 32935 33290 33680 34055 34472 34488 34526 34593 34671 34728 34758 34753 34713 34642 34539 34426 34298 34174 34056 33973 33917 33912
    7     2 30029 29149 28705 28587 28142 29544 27286 27503 27726 28302 29184 29996 30352 30612 30905 31194 31531 31900 32255 32650 32665 32700 32765 32838 32892 32920 32915 32878 32811 32714 32606 32485 32368 32256 32178 32125 32121
    8     1 32117 32492 31347 30694 30423 29551 31125 28912 28914 29426 30040 30970 31822 32198 32475 32786 33094 33450 33839 34216 34634 34652 34693 34762 34842 34901 34933 34930 34892 34823 34722 34611 34485 34363 34248 34167 34114
    8     2 30280 30382 29458 28899 28703 28262 29664 27424 27646 27874 28449 29326 30132 30488 30751 31045 31336 31673 32042 32398 32794 32811 32849 32915 32990 33046 33076 33073 33038 32972 32877 32771 32653 32537 32428 32351 32301
    9     1 32239 32507 32833 31566 30831 30560 29695 31272 29074 29081 29597 30210 31134 31981 32358 32638 32950 33259 33616 34007 34384 34803 34824 34867 34939 35020 35081 35115 35113 35078 35011 34912 34803 34680 34560 34447 34368
    9     2 30487 30647 30703 29662 29026 28831 28395 29801 27575 27800 28032 28607 29479 30280 30637 30902 31197 31490 31828 32197 32555 32951 32971 33012 33080 33156 33214 33246 33244 33211 33147 33054 32950 32833 32720 32613 32539
   10     1 32263 32653 32868 33068 31719 30985 30716 29859 31439 29253 29265 29782 30395 31315 32158 32537 32819 33133 33444 33802 34193 34572 34992 35016 35061 35135 35218 35281 35316 35317 35283 35218 35122 35015 34894 34776 34666
   10     2 30886 30856 30970 30914 29800 29164 28972 28542 29951 27737 27964 28200 28774 29642 30439 30798 31064 31361 31655 31994 32365 32723 33120 33142 33185 33255 33333 33392 33426 33426 33394 33332 33241 33140 33025 32913 32809
   11     1 33495 32686 33028 33114 33232 31882 31150 30886 30038 31619 29443 29458 29978 30591 31508 32348 32728 33012 33328 33640 34000 34393 34773 35194 35220 35268 35344 35428 35493 35531 35533 35502 35438 35344 35239 35121 35006
   11     2 31775 31257 31185 31185 31055 29939 29306 29119 28695 30106 27901 28130 28369 28944 29809 30603 30963 31231 31530 31825 32165 32537 32897 33294 33319 33364 33435 33515 33576 33611 33613 33583 33523 33434 33334 33221 33112
   12     1 33891 33892 33046 33268 33272 33386 32039 31312 31053 30211 31793 29625 29644 30166 30780 31694 32532 32914 33199 33517 33831 34192 34586 34968 35389 35418 35468 35546 35633 35699 35739 35743 35713 35652 35560 35457 35341
   12     2 31848 32149 31593 31411 31336 31202 30087 29459 29277 28858 30271 28074 28305 28547 29123 29985 30777 31138 31408 31708 32006 32347 32720 33081 33480 33506 33553 33627 33708 33771 33807 33811 33783 33724 33637 33539 33429
   13     1 34648 34321 34275 33311 33448 33447 33561 32219 31497 31242 30405 31989 29828 29850 30375 30990 31903 32739 33122 33410 33729 34046 34409 34804 35187 35610 35641 35694 35774 35862 35930 35972 35978 35951 35892 35802 35702
   13     2 32972 32213 32473 31816 31561 31482 31347 30237 29613 29434 29019 30433 28244 28476 28722 29299 30159 30949 31311 31584 31885 32185 32527 32901 33263 33663 33692 33741 33816 33899 33963 34002 34007 33981 33924 33838 33743
   14     1 35374 35100 34727 34551 33504 33637 33634 33751 32414 31697 31445 30613 32197 30044 30070 30598 31214 32126 32961 33346 33636 33958 34277 34641 35038 35423 35847 35881 35936 36018 36109 36179 36223 36232 36206 36150 36063
   14     2 33426 33315 32522 32681 31958 31702 31622 31488 30382 29761 29586 29174 30588 28406 28640 28889 29467 30326 31115 31478 31752 32056 32356 32700 33075 33438 33839 33870 33921 33998 34082 34148 34188 34195 34170 34115 34032
   15     1 35230 35878 35551 35038 34765 33721 33854 33851 33972 32640 31927 31678 30851 32436 30291 30321 30852 31470 32381 33216 33603 33896 34221 34542 34908 35307 35694 36121 36158 36215 36300 36393 36466 36513 36524 36501 36447
   15     2 32923 33770 33624 32733 32824 32103 31847 31769 31637 30534 29916 29743 29334 30749 28573 28809 29062 29641 30499 31287 31652 31928 32233 32535 32880 33256 33621 34023 34056 34108 34187 34273 34340 34382 34391 34368 34315
   16     1 34261 35855 36443 35947 35323 35047 34008 34143 34144 34268 32941 32232 31986 31164 32752 30615 30649 31184 31805 32717 33552 33942 34239 34566 34891 35260 35662 36052 36481 36521 36582 36671 36767 36843 36893 36907 36889
   16     2 32266 33330 34139 33885 32925 33015 32297 32044 31968 31838 30738 30123 29953 29546 30963 28793 29032 29288 29868 30726 31514 31880 32158 32465 32769 33116 33494 33860 34264 34299 34353 34434 34522 34591 34635 34646 34625
   17     1 34585 34969 36485 36876 36249 35627 35353 34322 34462 34465 34593 33271 32567 32325 31509 33100 30971 31010 31549 32174 33088 33925 34319 34619 34950 35278 35651 36056 36449 36882 36926 36991 37083 37183 37264 37317 37336
   17     2 32460 32642 33661 34359 34034 33080 33172 32458 32209 32135 32006 30910 30297 30130 29727 31144 28982 29223 29481 30063 30921 31708 32077 32356 32665 32971 33319 33698 34066 34470 34508 34564 34647 34737 34808 34854 34867
   18     1 33803 35169 35491 36843 37131 36508 35891 35622 34598 34741 34746 34876 33559 32859 32621 31811 33404 31283 31327 31869 32496 33410 34249 34645 34948 35282 35613 35989 36396 36792 37227 37275 37343 37438 37542 37625 37682
   18     2 31910 32837 32980 33882 34508 34191 33244 33339 32631 32384 32311 32184 31092 30484 30320 29920 31337 29184 29427 29688 30271 31128 31915 32285 32566 32876 33183 33533 33913 34282 34688 34728 34786 34871 34963 35036 35085
   19     1 33769 34202 35531 35743 37022 37316 36698 36087 35822 34804 34948 34954 35085 33773 33077 32842 32037 33629 31516 31563 32107 32735 33650 34488 34885 35191 35526 35858 36235 36644 37041 37478 37528 37598 37696 37801 37887
   19     2 31947 32274 33168 33203 34035 34667 34358 33418 33516 32812 32568 32496 32370 31284 30680 30519 30123 31538 29396 29641 29905 30489 31344 32130 32500 32783 33094 33403 33753 34134 34504 34911 34952 35013 35100 35194 35270
   20     1 33286 34209 34592 35815 35957 37233 37532 36920 36315 36052 35041 35184 35191 35324 34017 33325 33094 32293 33884 31780 31830 32376 33005 33919 34756 35156 35462 35799 36133 36511 36921 37320 37758 37810 37883 37982 38090
   20     2 31883 32433 32703 33460 33415 34251 34887 34585 33654 33754 33055 32813 32743 32618 31539 30941 30784 30392 31805 29676 29924 30191 30775 31629 32414 32785 33069 33381 33691 34043 34425 34796 35203 35248 35311 35401 35498
   21     1 32769 33839 34696 34943 36079 36220 37493 37798 37191 36592 36332 35327 35471 35479 35614 34313 33626 33398 32604 34193 32100 32153 32701 33331 34244 35082 35482 35791 36129 36465 36845 37256 37657 38096 38151 38227 38329
   21     2 31568 32433 32928 33030 33684 33654 34491 35130 34835 33913 34015 33321 33081 33014 32891 31821 31230 31076 30690 32099 29987 30237 30507 31091 31944 32727 33099 33385 33699 34010 34363 34746 35118 35527 35574 35641 35733
   22     1 33916 33394 34404 35095 35240 36375 36517 37790 38100 37499 36905 36648 35650 35796 35805 35942 34650 33967 33743 32955 34544 32461 32519 33068 33699 34612 35450 35852 36162 36503 36840 37222 37636 38038 38479 38537 38616
   22     2 32108 32250 33027 33322 33300 33968 33949 34788 35430 35141 34226 34329 33641 33404 33341 33222 32160 31577 31427 31047 32453 30358 30612 30885 31470 32321 33103 33477 33764 34080 34393 34748 35132 35506 35916 35967 36038
   23     1 35835 34721 34117 34934 35497 35640 36777 36925 38198 38513 37917 37329 37075 36084 36233 36245 36386 35101 34424 34206 33425 35013 32942 33005 33556 34188 35102 35939 36344 36657 37000 37341 37725 38141 38546 38989 39052
   23     2 33472 33032 33053 33570 33717 33712 34391 34382 35223 35866 35581 34674 34777 34096 33864 33806 33690 32639 32063 31919 31547 32950 30874 31131 31408 31994 32844 33625 34001 34291 34610 34925 35283 35669 36045 36458 36513
   24     1 36201 36778 35577 34745 35421 35981 36129 37270 37423 38694 39013 38422 37840 37591 36610 36762 36777 36921 35646 34976 34764 33991 35578 33520 33587 34141 34776 35690 36528 36936 37252 37599 37942 38330 38749 39156 39603
   24     2 33840 34600 34052 33746 34080 34252 34264 34952 34954 35793 36434 36153 35253 35360 34686 34460 34407 34296 33255 32689 32553 32188 33590 31533 31794 32076 32665 33514 34294 34673 34967 35289 35608 35969 36358 36737 37153
   25     1 36116 37321 37777 36316 35323 36000 36565 36724 37867 38024 39293 39614 39029 38455 38212 37241 37397 37416 37564 36299 35638 35431 34668 36253 34210 34282 34839 35476 36391 37231 37642 37963 38313 38660 39052 39474 39886
   25     2 34304 35204 35823 34899 34368 34725 34922 34949 35646 35654 36491 37129 36852 35962 36073 35409 35190 35142 35036 34007 33452 33324 32968 34370 32332 32599 32887 33478 34328 35109 35492 35790 36117 36441 36805 37199 37583
   26     1 37328 37330 38391 38548 36920 35936 36620 37196 37363 38506 38665 39930 40255 39678 39113 38876 37915 38075 38098 38251 36996 36343 36144 35389 36974 34944 35022 35582 36223 37139 37980 38394 38719 39074 39425 39821 40247
   26     2 35359 35717 36473 36663 35514 35006 35388 35606 35646 36347 36360 37191 37828 37557 36677 36793 36139 35925 35882 35783 34766 34221 34101 33756 35157 33139 33412 33706 34300 35150 35932 36319 36623 36955 37283 37653 38051
   27     1 38428 38526 38403 39140 39108 37494 36528 37227 37810 37979 39121 39281 40543 40874 40305 39749 39518 38567 38730 38758 38915 37671 37026 36833 36086 37672 35656 35739 36303 36946 37863 38705 39124 39453 39811 40167 40567
   27     2 36700 36754 36950 37266 37210 36101 35622 36026 36262 36309 37011 37026 37853 38490 38226 37356 37476 36831 36623 36585 36492 35487 34952 34839 34503 35905 33906 34184 34484 35082 35933 36715 37107 37416 37752 38086 38461
   28     1 38569 39588 39548 39120 39661 39628 38034 37094 37803 38388 38558 39700 39859 41122 41457 40895 40347 40122 39180 39347 39378 39540 38306 37668 37480 36743 38327 36324 36413 36980 37626 38544 39387 39809 40143 40505 40865
   28     2 36702 38001 37904 37660 37737 37712 36643 36188 36611 36857 36908 37609 37626 38452 39089 38832 37971 38094 37457 37256 37223 37135 36140 35614 35509 35181 36584 34602 34885 35191 35792 36643 37427 37823 38137 38478 38817
   29     1 38666 39726 40603 40243 39624 40158 40132 38566 37649 38363 38948 39121 40259 40422 41683 42023 41468 40928 40707 39774 39945 39981 40148 38922 38291 38109 37379 38964 36974 37068 37639 38288 39207 40051 40477 40814 41181
   29     2 37074 37905 39047 38528 38048 38159 38164 37130 36695 37127 37378 37431 38132 38151 38977 39615 39364 38511 38639 38010 37814 37786 37703 36716 36198 36100 35780 37184 35217 35506 35816 36420 37272 38057 38456 38775 39121
   30     1 39269 39783 40704 41263 40712 40093 40628 40621 39078 38176 38892 39477 39651 40789 40955 42215 42560 42010 41477 41261 40338 40513 40552 40722 39505 38881 38705 37982 39568 37590 37690 38264 38916 39835 40681 41110 41452
   30     2 37734 38128 38827 39572 38845 38392 38530 38562 37556 37132 37568 37822 37875 38577 38600 39425 40065 39819 38974 39105 38484 38293 38268 38190 37211 36700 36607 36294 37699 35746 36038 36354 36960 37812 38597 39000 39323
   31     1 40435 40275 40679 41301 41677 41124 40511 41058 41065 39539 38648 39364 39950 40127 41265 41432 42692 43040 42495 41970 41759 40844 41022 41064 41237 40028 39410 39239 38524 40109 38143 38248 38826 39480 40400 41247 41680
   31     2 38366 38632 38912 39269 39819 39120 38687 38850 38901 37913 37492 37930 38186 38242 38944 38971 39795 40437 40195 39357 39491 38877 38691 38669 38594 37622 37117 37030 36722 38127 36186 36481 36801 37410 38261 39046 39453
   32     1 40915 41370 41104 41236 41679 42049 41498 40902 41460 41475 39961 39079 39797 40384 40565 41701 41871 43129 43481 42942 42424 42218 41312 41492 41537 41714 40511 39900 39733 39024 40610 38655 38765 39346 40003 40924 41772
   32     2 39156 39137 39314 39306 39493 40052 39371 38959 39140 39199 38222 37803 38242 38502 38559 39263 39293 40116 40758 40521 39691 39828 39220 39038 39019 38947 37981 37481 37398 37096 38502 36571 36870 37194 37804 38655 39440
   33     1 41291 41759 42103 41583 41567 42004 42372 41837 41253 41816 41836 40332 39460 40179 40767 40950 42086 42257 43514 43870 43337 42826 42624 41725 41908 41955 42135 40939 40333 40170 39468 41054 39109 39223 39808 40466 41389
   33     2 39957 39924 39800 39719 39549 39743 40305 39645 39246 39436 39500 38530 38115 38557 38821 38880 39585 39618 40441 41084 40852 40028 40168 39566 39388 39372 39303 38344 37849 37771 37475 38881 36961 37263 37591 38204 39056
   34     1 40838 42036 42410 42513 41855 41847 42282 42661 42137 41561 42125 42147 40654 39793 40514 41102 41287 42420 42592 43848 44209 43682 43177 42979 42087 42272 42321 42504 41315 40714 40554 39858 41444 39508 39626 40213 40874
   34     2 39406 40642 40527 40157 39935 39774 39972 40543 39896 39505 39699 39765 38805 38392 38838 39106 39167 39873 39908 40730 41375 41147 40329 40472 39875 39700 39687 39621 38667 38177 38105 37813 39220 37310 37615 37947 38563
   35     1 40645 41526 42626 42774 42738 42088 42089 42535 42921 42405 41832 42396 42423 40941 40090 40812 41400 41586 42717 42890 44145 44510 43989 43490 43296 42409 42597 42648 42834 41651 41054 40898 40208 41793 39866 39987 40578
   35     2 39138 40053 41207 40872 40357 40149 39996 40204 40780 40143 39755 39951 40020 39069 38660 39108 39379 39442 40149 40187 41008 41654 41430 40618 40762 40171 40000 39988 39925 38977 38492 38424 38137 39545 37645 37953 38289
   36     1 38886 41260 42067 42951 42970 42939 42296 42317 42769 43160 42648 42074 42640 42673 41202 40359 41082 41668 41855 42985 43159 44413 44782 44265 43772 43581 42700 42890 42943 43133 41955 41363 41210 40524 42109 40190 40315
   36     2 37922 39744 40581 41526 41062 40550 40354 40215 40429 41007 40376 39990 40190 40263 39320 38914 39364 39638 39703 40410 40451 41272 41919 41698 40891 41037 40451 40282 40273 40213 39270 38789 38725 38444 39853 37961 38273
   37     1 39168 39451 41727 42348 43110 43134 43108 42482 42519 42973 43365 42854 42283 42853 42889 41429 40594 41317 41902 42090 43217 43393 44645 45017 44505 44017 43829 42953 43145 43200 43392 42220 41633 41482 40801 42386 40475
   37     2 37284 38490 40235 40873 41693 41238 40731 40550 40421 40640 41217 40591 40208 40413 40488 39553 39149 39602 39879 39945 40654 40696 41517 42164 41946 41144 41292 40710 40544 40537 40480 39542 39065 39005 38728 40138 38256
   38     1 38450 39648 39873 41956 42476 43239 43271 43256 42643 42691 43144 43535 43028 42462 43033 43073 41621 40794 41516 42101 42289 43414 43590 44840 45215 44707 44224 44038 43168 43361 43418 43612 42445 41862 41714 41038 42622
   38     2 36673 37800 38942 40502 41023 41848 41403 40905 40736 40614 40835 41411 40791 40411 40619 40697 39768 39367 39822 40102 40170 40879 40924 41743 42391 42175 41378 41527 40949 40786 40781 40726 39792 39320 39264 38991 40402
   39     1 37633 38912 40037 40105 42069 42600 43368 43413 43407 42803 42859 43309 43702 43200 42637 43210 43252 41809 40989 41712 42295 42484 43606 43783 45031 45408 44904 44426 44243 43377 43573 43631 43828 42665 42086 41941 41269
   39     2 36327 37156 38216 39191 40636 41162 41993 41559 41068 40908 40792 41014 41590 40975 40599 40810 40890 39968 39569 40026 40308 40378 41088 41134 41953 42601 42388 41594 41745 41170 41010 41006 40954 40024 39556 39503 39235
   40     1 37702 38046 39247 40211 40194 42151 42695 43474 43529 43529 42931 42991 43441 43838 43340 42779 43352 43397 41962 41150 41873 42455 42644 43764 43941 45186 45566 45066 44593 44411 43551 43748 43807 44007 42849 42273 42130
   40     2 35720 36770 37538 38440 39315 40760 41290 42130 41706 41219 41067 40954 41179 41755 41146 40772 40986 41068 40152 39755 40214 40499 40570 41280 41328 42146 42795 42585 41795 41948 41376 41218 41217 41166 40241 39776 39727
   41     1 37747 38038 38323 39376 40250 40247 42203 42762 43548 43610 43614 43019 43086 43537 43936 43441 42881 43455 43502 42075 41270 41993 42573 42763 43879 44056 45299 45681 45185 44716 44536 43680 43879 43939 44141 42987 42415
   41     2 35977 36109 37108 37735 38543 39421 40868 41406 42251 41835 41352 41206 41098 41325 41901 41296 40925 41142 41225 40314 39920 40380 40668 40741 41451 41501 42319 42968 42760 41975 42129 41561 41405 41405 41357 40436 39974
   42     1 36506 38056 38289 38446 39408 40281 40292 42253 42822 43614 43680 43684 43095 43169 43621 44020 43527 42969 43543 43592 42173 41375 42097 42676 42865 43978 44155 45395 45780 45286 44821 44644 43792 43992 44053 44256 43107
   42     2 35395 36352 36431 37300 37835 38645 39527 40978 41521 42372 41962 41482 41342 41239 41468 42044 41443 41074 41293 41379 40473 40082 40544 40834 40908 41619 41671 42489 43139 42934 42154 42309 41744 41591 41594 41548 40630
   43     1 37247 36792 38280 38391 38473 39427 40303 40331 42292 42870 43666 43735 43741 43157 43237 43688 44088 43597 43039 43615 43666 42254 41462 42184 42760 42949 44059 44235 45473 45860 45369 44908 44733 43884 44085 44147 44352
   43     2 35434 35734 36640 36598 37388 37922 38733 39621 41075 41622 42477 42073 41596 41461 41362 41594 42170 41572 41205 41427 41515 40614 40225 40689 40981 41057 41768 41822 42640 43291 43089 42313 42470 41908 41758 41762 41719
   44     1 36528 37472 36980 38351 38391 38472 39424 40305 40345 42305 42890 43688 43761 43769 43190 43275 43725 44126 43637 43080 43655 43708 42304 41518 42239 42813 43001 44108 44283 45519 45907 45420 44962 44788 43943 44145 44208
   44     2 34891 35722 35986 36780 36666 37458 37992 38805 39698 41152 41704 42560 42163 41688 41559 41463 41697 42272 41678 41312 41537 41627 40730 40343 40809 41102 41179 41891 41946 42764 43417 43217 42445 42603 42044 41896 41903
   45     1 36277 36733 37631 37049 38347 38384 38471 39422 40305 40357 42315 42904 43705 43782 43792 43217 43307 43755 44156 43669 43113 43689 43744 42346 41565 42286 42858 43046 44150 44324 45557 45948 45463 45009 44836 43994 44197
   45     2 34562 35151 35942 36113 36837 36723 37517 38053 38867 39763 41217 41771 42630 42238 41766 41641 41549 41783 42358 41767 41403 41630 41722 40830 40444 40911 41206 41284 41996 42053 42871 43524 43326 42558 42717 42161 42015
   46     1 35126 36468 36880 37679 37044 38334 38372 38465 39413 40298 40358 42314 42908 43712 43792 43804 43233 43327 43774 44176 43690 43135 43711 43768 42377 41602 42322 42891 43078 44179 44353 45584 45976 45495 45044 44872 44034
   46     2 33864 34791 35346 36044 36159 36879 36766 37562 38099 38913 39811 41264 41821 42681 42295 41824 41704 41615 41850 42424 41837 41474 41703 41797 40908 40524 40992 41288 41367 42079 42137 42955 43608 43413 42647 42808 42254
   47     1 35992 35272 36573 36902 37646 37015 38300 38339 38436 39383 40267 40335 42288 42886 43693 43776 43789 43221 43319 43765 44167 43683 43129 43705 43762 42377 41607 42326 42894 43080 44178 44352 45579 45973 45494 45046 44876
   47     2 34296 34067 34964 35440 36080 36198 36916 36804 37601 38137 38952 39850 41303 41862 42723 42342 41873 41756 41669 41906 42479 41895 41534 41764 41858 40974 40591 41059 41357 41436 42149 42208 43025 43678 43484 42721 42883
   48     1 36600 36099 35352 36570 36851 37589 36965 38246 38284 38385 39329 40213 40287 42238 42841 43649 43735 43748 43183 43285 43729 44132 43649 43096 43671 43729 42351 41586 42303 42869 43054 44149 44322 45547 45942 45465 45020
   48     2 35472 34501 34237 35054 35477 36114 36237 36952 36841 37638 38175 38989 39888 41340 41901 42764 42386 41919 41806 41722 41959 42532 41951 41591 41823 41918 41037 40656 41124 41423 41503 42215 42275 43092 43746 43553 42792
   49     1 37914 36683 36153 35343 36512 36787 37523 36907 38183 38220 38323 39264 40148 40229 42178 42784 43594 43682 43696 43135 43241 43684 44086 43605 43052 43627 43686 42314 41554 42270 42834 43019 44110 44283 45505 45901 45427
   49     2 36905 35622 34635 34296 35068 35491 36126 36253 36966 36856 37652 38189 39002 39902 41352 41915 42778 42405 41940 41830 41748 41986 42558 41980 41622 41854 41949 41073 40692 41161 41460 41541 42253 42314 43130 43784 43592
   50     1 38137 37968 36713 36121 35276 36434 36710 37443 36834 38105 38142 38247 39185 40070 40157 42103 42712 43524 43614 43628 43071 43181 43623 44025 43546 42994 43568 43629 42262 41507 42223 42785 42969 44058 44230 45449 45846
   50     2 36422 37037 35736 34693 34308 35082 35507 36139 36270 36979 36870 37665 38202 39015 39916 41364 41927 42792 42421 41958 41851 41772 42010 42582 42006 41649 41882 41978 41105 40725 41194 41494 41576 42287 42349 43164 43817
   51     1 39280 38172 37973 36667 36039 35196 36350 36625 37354 36754 38019 38055 38163 39098 39982 40074 42017 42630 43443 43535 43551 42998 43111 43552 43954 43476 42925 43500 43562 42202 41452 42167 42727 42911 43996 44168 45385
   51     2 37653 36523 37113 35762 34690 34304 35079 35504 36133 36266 36973 36865 37659 38196 39008 39909 41356 41920 42785 42418 41957 41853 41777 42015 42586 42013 41657 41890 41987 41118 40739 41208 41509 41591 42303 42365 43179
   52     1 39009 39278 38160 37905 36569 35941 35103 36253 36527 37254 36660 37919 37953 38064 38996 39879 39977 41917 42533 43347 43442 43460 42910 43027 43467 43869 43393 42844 43418 43482 42128 41383 42098 42656 42840 43923 44094
   52     2 37722 37724 36586 37120 35740 34676 34289 35065 35490 36115 36252 36957 36848 37642 38178 38989 39891 41336 41901 42767 42404 41945 41844 41770 42009 42580 42009 41654 41889 41986 41121 40743 41213 41514 41597 42309 42372
   53     1 38525 38995 39241 38089 37802 36470 35844 35011 36157 36431 37155 36567 37821 37854 37967 38896 39778 39880 41817 42436 43252 43349 43369 42822 42943 43382 43784 43311 42763 43337 43403 42055 41316 42030 42587 42771 43852
   53     2 37133 37760 37754 36576 37076 35703 34646 34257 35031 35456 36080 36219 36922 36814 37607 38143 38952 39855 41298 41865 42732 42373 41916 41819 41747 41987 42557 41989 41635 41871 41970 41108 40732 41202 41505 41588 42300
   54     1 39108 38480 38935 39133 37967 37674 36349 35725 34897 36037 36311 37031 36450 37697 37729 37844 38770 39650 39758 41691 42313 43130 43230 43251 42709 42834 43272 43674 43202 42656 43230 43297 41956 41222 41935 42490 42675
   54     2 37776 37167 37783 37737 36536 37037 35672 34621 34233 35007 35433 36055 36197 36898 36791 37583 38119 38928 39831 41273 41840 42708 42353 41899 41804 41735 41976 42546 41981 41628 41866 41966 41108 40734 41205 41509 41593
   55     1 38661 39026 38378 38804 38981 37824 37529 36211 35587 34765 35900 36174 36890 36316 37557 37588 37705 38627 39506 39618 41548 42172 42991 43093 43116 42578 42706 43143 43545 43076 42532 43106 43175 41841 41111 41824 42378
   55     2 37317 37753 37147 37724 37657 36469 36970 35609 34565 34175 34949 35374 35994 36139 36838 36729 37521 38056 38864 39767 41208 41777 42646 42295 41842 41751 41684 41927 42496 41933 41582 41821 41922 41067 40695 41167 41471
   56     1 37430 38569 38926 38240 38650 38825 37678 37381 36069 35448 34631 35760 36032 36745 36177 37412 37442 37561 38479 39357 39474 41400 42027 42847 42951 42976 42442 42574 43011 43413 42946 42404 42978 43048 41721 40997 41709
   56     2 36294 37294 37727 37085 37642 37583 36402 36901 35545 34506 34116 34889 35314 35931 36078 36775 36666 37457 37991 38798 39703 41141 41712 42581 42235 41784 41697 41633 41877 42445 41885 41535 41775 41878 41026 40656 41128
   57     1 37427 37312 38433 38765 38060 38471 38646 37508 37209 35905 35285 34474 35597 35868 36576 36015 37243 37271 37392 38307 39183 39304 41227 41856 42677 42784 42810 42280 42416 42852 43254 42789 42250 42824 42896 41576 40857
   57     2 35548 36237 37238 37641 36985 37548 37494 36319 36815 35464 34430 34040 34812 35236 35850 36000 36693 36584 37374 37907 38713 39618 41055 41627 42497 42155 41706 41622 41561 41806 42373 41816 41467 41709 41813 40965 40596
   58     1 36549 37280 37163 38250 38570 37863 38277 38451 37322 37023 35726 35108 34301 35418 35688 36392 35836 37057 37084 37207 38119 38993 39119 41037 41668 42490 42599 42628 42102 42242 42677 43079 42617 42080 42654 42728 41415
   58     2 34939 35492 36183 37152 37539 36891 37456 37404 36235 36728 35382 34353 33964 34733 35157 35767 35919 36610 36501 37289 37822 38627 39533 40968 41541 42412 42074 41628 41547 41489 41735 42301 41747 41400 41642 41748 40903
   59     1 35670 36382 37100 36968 38035 38358 37652 38066 38240 37121 36821 35533 34917 34115 35225 35493 36192 35643 36857 36883 37008 37915 38787 38918 40831 41465 42287 42399 42429 41909 42052 42486 42888 42429 41895 42469 42545
   59     2 34304 34883 35437 36095 37046 37438 36795 37360 37310 36148 36638 35298 34274 33885 34652 35075 35682 35836 36524 36415 37203 37735 38538 39445 40879 41453 42325 41991 41547 41470 41415 41662 42228 41676 41331 41575 41682
   60     1 33800 35490 36191 36880 36740 37801 38127 37423 37839 38013 36906 36606 35327 34713 33918 35020 35286 35981 35439 36646 36671 36798 37702 38572 38707 40615 41251 42073 42188 42221 41706 41853 42287 42689 42233 41702 42276
   60     2 33195 34194 34778 35301 35942 36901 37296 36657 37223 37173 36019 36508 35173 34155 33765 34530 34951 35554 35711 36395 36286 37071 37602 38405 39311 40743 41318 42191 41862 41420 41347 41294 41542 42107 41559 41215 41460
   61     1 33172 33587 35280 35956 36628 36496 37551 37880 37177 37596 37771 36674 36374 35104 34493 33703 34799 35063 35753 35218 36418 36443 36572 37472 38340 38480 40382 41020 41843 41960 41996 41486 41637 42070 42472 42020 41492
   61     2 32066 33084 34089 34643 35148 35796 36756 37153 36517 37083 37036 35889 36376 35047 34033 33643 34405 34825 35423 35583 36263 36154 36938 37468 38269 39175 40605 41181 42054 41730 41291 41221 41171 41421 41985 41440 41097
   62     1 32312 32940 33367 35033 35695 36366 36240 37290 37620 36922 37342 37518 36431 36132 34872 34264 33480 34569 34831 35517 34989 36182 36207 36339 37235 38101 38245 40141 40781 41604 41725 41763 41259 41414 41847 42249 41801
   62     2 31536 31932 32964 33938 34479 34993 35641 36599 36997 36364 36931 36886 35747 36231 34907 33899 33509 34268 34686 35280 35442 36119 36009 36791 37320 38120 39026 40453 41030 41904 41585 41148 41083 41035 41286 41849 41308
   63     1 31731 32050 32683 33095 34747 35408 36076 35957 37001 37334 36641 37061 37238 36163 35865 34615 34011 33234 34314 34576 35257 34737 35922 35947 36082 36974 37838 37987 39877 40519 41342 41466 41507 41009 41168 41601 42004
   63     2 31009 31390 31791 32794 33754 34304 34821 35467 36423 36822 36193 36760 36717 35586 36066 34749 33746 33356 34112 34528 35118 35282 35955 35846 36626 37154 37951 38857 40281 40859 41733 41419 40986 40924 40880 41131 41694
   64     1 31439 31456 31784 32396 32802 34449 35109 35775 35661 36699 37036 36348 36769 36947 35884 35586 34348 33747 32977 34050 34311 34988 34476 35654 35679 35816 36705 37566 37721 39603 40247 41071 41198 41242 40750 40914 41346
   64     2 30817 30851 31243 31615 32605 33573 34124 34642 35286 36239 36639 36015 36582 36540 35416 35893 34582 33586 33195 33948 34363 34949 35115 35784 35675 36453 36980 37775 38681 40100 40680 41554 41245 40815 40757 40716 40969
   65     1 30606 31128 31149 31466 32067 32477 34117 34774 35437 35329 36361 36700 36018 36439 36616 35564 35266 34039 33442 32679 33743 34001 34673 34169 35337 35362 35502 36385 37244 37405 39280 39927 40751 40882 40929 40443 40612
   65     2 30665 30634 30680 31047 31405 32398 33364 33913 34431 35070 36022 36424 35803 36369 36328 35212 35683 34379 33389 32997 33745 34158 34737 34906 35569 35460 36234 36759 37552 38457 39873 40454 41327 41025 40598 40545 40507
   66     1 29615 30276 30804 30808 31122 31720 32134 33765 34419 35079 34977 36004 36345 35667 36089 36265 35227 34929 33714 33120 32365 33420 33676 34342 33848 35006 35030 35173 36052 36909 37075 38943 39592 40417 40551 40602 40123
   66     2 29801 30459 30447 30470 30828 31190 32180 33143 33690 34207 34846 35794 36197 35579 36145 36104 34995 35462 34165 33181 32788 33532 33942 34515 34687 35344 35235 36005 36528 37319 38223 39635 40218 41090 40795 40372 40323
   67     1 29427 29265 29925 30442 30440 30762 31356 31771 33391 34042 34700 34605 35626 35969 35297 35719 35896 34871 34573 33372 32783 32036 33081 33336 33996 33512 34661 34685 34831 35705 36559 36731 38591 39243 40068 40206 40260
   67     2 29959 29574 30236 30211 30226 30591 30952 31937 32896 33442 33961 34598 35542 35945 35330 35895 35855 34755 35216 33928 32951 32558 33297 33705 34272 34447 35097 34988 35755 36276 37065 37967 39375 39960 40832 40543 40124
   68     1 28422 29054 28901 29543 30055 30056 30383 30972 31388 32997 33647 34302 34214 35228 35573 34909 35331 35508 34498 34202 33015 32431 31694 32729 32983 33638 33164 34303 34328 34477 35346 36197 36376 38227 38882 39708 39850
   68     2 28912 29715 29353 29987 29958 29979 30346 30705 31686 32641 33187 33708 34342 35280 35684 35072 35636 35597 34507 34963 33684 32715 32322 33056 33462 34022 34201 34845 34737 35500 36019 36805 37707 39109 39696 40567 40286
   69     1 27340 28034 28665 28510 29143 29656 29660 29991 30574 30993 32590 33237 33891 33810 34817 35164 34508 34931 35109 34114 33820 32649 32071 31343 32369 32623 33272 32808 33938 33963 34116 34980 35829 36014 37857 38514 39341
   69     2 28346 28654 29453 29083 29702 29684 29707 30075 30433 31409 32362 32907 33428 34059 34992 35396 34788 35351 35314 34234 34685 33416 32455 32063 32792 33196 33751 33932 34571 34463 35223 35740 36524 37424 38822 39410 40280
   70     1 26615 26955 27647 28278 28133 28765 29280 29292 29627 30211 30632 32218 32866 33521 33449 34452 34804 34161 34588 34771 33793 33508 32354 31787 31072 32095 32352 33002 32547 33674 33704 33861 34724 35573 35762 37598 38256
   70     2 27775 28069 28378 29174 28813 29430 29417 29445 29814 30172 31145 32095 32640 33161 33791 34721 35126 34528 35091 35058 33990 34442 33186 32236 31850 32578 32983 33537 33721 34359 34256 35015 35532 36315 37213 38607 39195
   71     1 26081 26205 26548 27239 27869 27735 28367 28883 28903 29242 29826 30251 31825 32474 33129 33066 34067 34422 33795 34225 34414 33453 33178 32042 31487 30785 31805 32066 32716 32271 33395 33431 33592 34454 35302 35496 37323
   71     2 26988 27462 27758 28069 28862 28510 29125 29117 29150 29521 29881 30849 31795 32340 32861 33491 34418 34825 34236 34800 34772 33718 34171 32929 31990 31611 32338 32744 33299 33485 34123 34024 34782 35300 36082 36978 38367
   72     1 24730 25621 25752 26099 26788 27417 27295 27926 28444 28473 28816 29401 29829 31391 32040 32696 32643 33640 34001 33390 33823 34018 33077 32813 31697 31155 30467 31484 31749 32399 31966 33085 33127 33294 34155 35002 35200
   72     2 25289 26648 27122 27420 27734 28522 28180 28795 28792 28830 29202 29564 30528 31469 32014 32536 33165 34089 34498 33920 34484 34462 33422 33877 32650 31724 31353 32078 32486 33040 33230 33867 33774 34530 35049 35829 36724
   73     1 24603 24256 25140 25279 25630 26317 26945 26835 27466 27985 28024 28371 28956 29387 30936 31586 32242 32199 33192 33557 32964 33400 33603 32681 32429 31334 30806 30133 31146 31415 32066 31644 32759 32808 32980 33839 34685
   73     2 25593 24935 26282 26756 27056 27372 28157 27825 28438 28442 28486 28859 29223 30182 31119 31664 32186 32815 33735 34146 33580 34145 34129 33105 33560 32350 31438 31075 31799 32208 32762 32955 33592 33504 34260 34779 35558
   74     1 24117 24064 23736 24612 24759 25114 25798 26425 26328 26958 27478 27527 27878 28464 28898 30432 31082 31739 31708 32696 33066 32492 32932 33141 32242 32003 30931 30418 29761 30770 31044 31695 31285 32396 32452 32629 33487
   74     2 25212 25204 24563 25896 26370 26673 26991 27772 27452 28063 28074 28123 28499 28864 29817 30750 31295 31818 32446 33363 33776 33223 33787 33778 32771 33227 32035 31137 30783 31505 31915 32470 32667 33303 33221 33975 34496
   75     1 24028 23536 23496 23188 24056 24211 24570 25251 25876 25792 26421 26942 27001 27357 27943 28380 29898 30548 31205 31185 32168 32544 31989 32433 32650 31774 31547 30500 30003 29364 30367 30646 31298 30901 32006 32070 32253
   75     2 25053 24773 24773 24150 25469 25943 26249 26569 27346 27038 27648 27666 27722 28099 28467 29415 30342 30888 31411 32039 32951 33366 32827 33393 33390 32401 32860 31687 30805 30460 31181 31593 32148 32348 32985 32909 33662
   76     1 23585 23380 22914 22888 22600 23458 23622 23984 24661 25284 25214 25841 26363 26432 26793 27378 27818 29318 29968 30624 30617 31594 31975 31441 31889 32113 31262 31050 30029 29549 28929 29927 30211 30862 30480 31579 31651
   76     2 25330 24565 24299 24308 23705 25008 25482 25791 26115 26886 26592 27200 27226 27289 27668 28039 28980 29902 30448 30972 31599 32507 32925 32401 32967 32973 32003 32463 31312 30447 30113 30832 31246 31801 32006 32642 32573
   77     1 23659 22877 22692 22254 22241 21974 22821 22994 23359 24031 24651 24596 25219 25741 25822 26186 26771 27214 28694 29342 29998 30003 30974 31359 30848 31300 31532 30707 30510 29517 29056 28455 29447 29736 30387 30020 31112
   77     2 25670 24779 24040 23790 23808 23226 24512 24986 25299 25625 26392 26112 26719 26753 26824 27206 27578 28513 29429 29975 30500 31127 32031 32451 31943 32510 32524 31576 32038 30909 30063 29740 30457 30873 31429 31638 32274
   78     1 20104 22849 22109 21945 21535 21537 21292 22127 22307 22675 23342 23958 23918 24538 25059 25151 25519 26102 26547 28005 28651 29305 29324 30287 30677 30190 30645 30885 30091 29909 28947 28506 27927 28911 29206 29855 29505
   78     2 22464 25042 24184 23474 23240 23267 22709 23977 24451 24766 25096 25857 25593 26197 26241 26320 26704 27079 28007 28916 29463 29989 30615 31513 31937 31447 32014 32037 31112 31576 30472 29646 29335 30050 30468 31025 31239
   79     1 18718 19333 21990 21293 21151 20771 20788 20565 21386 21575 21945 22604 23215 23190 23806 24326 24429 24801 25382 25829 27261 27906 28557 28590 29543 29938 29477 29935 30184 29420 29255 28327 27906 27351 28326 28626 29275
   79     2 20976 21840 24359 23537 22858 22641 22679 22146 23393 23867 24186 24519 25274 25026 25628 25681 25769 26156 26534 27453 28356 28902 29429 30053 30947 31374 30902 31470 31503 30603 31070 29992 29187 28890 29603 30024 30581
   80     1 15908 17920 18525 21087 20435 20315 19965 19996 19797 20602 20799 21170 21821 22426 22417 23027 23545 23660 24034 24612 25060 26465 27106 27754 27801 28743 29143 28709 29170 29426 28696 28549 27655 27257 26727 27692 27998
   80     2 18072 20320 21170 23625 22841 22194 21997 22046 21539 22764 23236 23559 23895 24643 24413 25012 25075 25173 25561 25942 26852 27746 28293 28820 29443 30330 30760 30309 30878 30921 30048 30517 29469 28687 28405 29115 29537
   81     1 13761 15125 17054 17645 20104 19500 19402 19084 19130 18955 19742 19946 20318 20959 21556 21563 22166 22681 22807 23184 23757 24205 25579 26215 26859 26920 27849 28253 27848 28311 28576 27882 27754 26899 26526 26023 26976
   81     2 16329 17426 19607 20441 22828 22084 21472 21294 21355 20876 22076 22548 22874 23213 23953 23742 24337 24411 24518 24909 25292 26193 27077 27623 28151 28772 29652 30085 29656 30225 30279 29436 29907 28891 28135 27868 28575
   82     1 11160 12994 14297 16137 16713 19060 18506 18430 18145 18205 18054 18820 19031 19402 20031 20619 20642 21235 21745 21883 22261 22828 23275 24614 25243 25880 25957 26870 27278 26904 27368 27641 26985 26877 26065 25718 25244
   82     2 13808 15672 16738 18847 19663 21975 21274 20699 20542 20614 20166 21339 21808 22138 22480 23210 23020 23610 23696 23813 24206 24592 25481 26355 26900 27427 28047 28918 29354 28949 29518 29584 28773 29246 28264 27536 27286
   83     1 10812 10451 12183 13419 15163 15721 17948 17444 17390 17139 17212 17086 17828 18046 18415 19028 19604 19643 20225 20729 20877 21255 21814 22259 23557 24178 24807 24899 25793 26203 25862 26326 26606 25993 25905 25138 24819
   83     2 13587 13161 14951 15982 18011 18807 21036 20382 19847 19712 19796 19380 20523 20990 21323 21668 22387 22218 22803 22901 23029 23424 23812 24687 25549 26093 26620 27236 28098 28537 28158 28726 28806 28030 28504 27560 26864
   84     1  9535 10026  9704 11326 12490 14130 14668 16765 16313 16281 16063 16150 16049 16763 16985 17350 17946 18507 18562 19130 19625 19783 20160 20708 21149 22402 23011 23630 23737 24609 25020 24713 25176 25463 24894 24829 24111
   84     2 12520 12868 12477 14188 15181 17126 17899 20038 19433 18940 18827 18924 18541 19651 20114 20449 20796 21502 21356 21934 22044 22183 22579 22968 23829 24677 25219 25744 26356 27206 27648 27297 27864 27957 27219 27694 26792
   85     1  8298  8742  9205  8922 10428 11515 13045 13559 15518 15118 15107 14924 15022 14946 15630 15854 16213 16789 17333 17403 17955 18438 18606 18979 19515 19950 21152 21748 22353 22474 23321 23731 23461 23921 24214 23692 23649
   85     2 11387 11767 12107 11752 13378 14330 16181 16929 18972 18416 17966 17876 17985 17638 18710 19168 19503 19851 20542 20419 20989 21111 21261 21657 22047 22889 23721 24259 24781 25388 26224 26668 26346 26910 27017 26320 26796
   86     1  7078  7512  7927  8360  8115  9499 10505 11918 12406 14219 13872 13881 13731 13840 13788 14437 14664 15015 15567 16091 16175 16708 17177 17354 17721 18242 18668 19814 20394 20983 21118 21936 22344 22110 22565 22863 22391
   86     2 10000 10600 10967 11298 10979 12513 13418 15169 15888 17824 17321 16915 16848 16967 16656 17686 18137 18471 18818 19492 19392 19951 20084 20244 20638 21027 21849 22661 23192 23710 24309 25129 25572 25282 25841 25962 25309
   87     1  5960  6320  6720  7103  7504  7297  8555  9477 10769 11228 12888 12594 12621 12503 12621 12592 13204 13430 13770 14296 14797 14894 15404 15857 16040 16400 16902 17318 18403 18963 19533 19681 20466 20869 20673 21121 21422
   87     2  8926  9204  9769 10121 10440 10159 11592 12447 14088 14773 16593 16143 15784 15738 15867 15594 16575 17015 17348 17692 18343 18267 18812 18956 19124 19515 19901 20697 21485 22008 22518 23106 23905 24347 24090 24642 24776
   88     1  4891  5237  5564  5927  6278  6644  6473  7603  8438  9605 10031 11535 11290 11333 11246 11370 11362 11933 12155 12482 12978 13453 13561 14045 14479 14666 15016 15496 15899 16916 17454 18001 18160 18907 19303 19144 19582
   88     2  7775  8114  8379  8907  9240  9545  9301 10627 11426 12950 13597 15291 14895 14581 14557 14694 14458 15386 15812 16139 16477 17103 17051 17578 17730 17906 18290 18671 19436 20196 20707 21207 21781 22555 22992 22769 23311
   89     1  4095  4230  4538  4832  5158  5474  5805  5666  6669  7415  8457  8849 10193  9995 10052  9991 10119 10129 10656 10873 11183 11646 12091 12207 12663 13073 13262 13598 14054 14439 15385 15896 16416 16584 17289 17674 17551
   89     2  6849  6960  7275  7525  8011  8323  8611  8403  9616 10353 11750 12355 13914 13572 13304 13299 13442 13242 14110 14520 14838 15167 15762 15732 16237 16397 16578 16953 17324 18054 18780 19275 19761 20316 21059 21488 21301
   90     1  3371  3459  3581  3851  4110  4397  4677  4971  4862  5735  6390  7302  7656  8838  8683  8749  8713  8842  8867  9345  9553  9843 10269 10680 10801 11223 11606 11794 12112 12538 12902 13769 14248 14737 14909 15567 15936
   90     2  6105  6023  6132  6420  6651  7093  7382  7649  7476  8569  9240 10503 11060 12474 12186 11962 11975 12121 11957 12759 13146 13453 13769 14327 14319 14797 14961 15146 15506 15865 16553 17238 17714 18181 18712 19418 19835
   91     1  3012  2783  2863  2971  3203  3427  3675  3918  4174  4092  4838  5402  6188  6502  7521  7405  7477  7462  7587  7624  8051  8246  8514  8899  9272  9395  9780 10132 10314 10611 11003 11342 12124 12567 13020 13194 13797
   91     2  5546  5267  5206  5309  5569  5780  6174  6437  6682  6542  7510  8112  9235  9741 11004 10766 10585 10612 10757 10628 11357 11719 12009 12309 12826 12836 13283 13448 13632 13975 14317 14957 15596 16045 16489 16992 17653
   92     1  2222  2425  2247  2318  2412  2607  2796  3006  3212  3431  3372  3995  4472  5134  5407  6269  6186  6260  6261  6380  6425  6799  6978  7219  7561  7895  8015  8360  8677  8850  9122  9477  9787 10481 10883 11295 11466
   92     2  4749  4682  4456  4413  4509  4738  4927  5272  5507  5726  5616  6459  6988  7970  8421  9528  9337  9195  9234  9375  9277  9929 10261 10531 10811 11281 11307 11718 11880 12060 12381 12701 13287 13873 14292 14707 15175
   93     1  1771  1741  1905  1770  1831  1910  2070  2226  2400  2571  2753  2713  3223  3616  4162  4394  5106  5051  5123  5136  5245  5294  5615  5776  5988  6285  6576  6690  6993  7273  7433  7677  7992  8269  8873  9231  9599
   93     2  3896  3914  3867  3687  3659  3745  3944  4109  4405  4610  4802  4719  5437  5893  6733  7127  8078  7930  7823  7869  8003  7933  8504  8803  9049  9304  9724  9761 10131 10288 10459 10753 11048 11574 12102 12486 12866
   94     1  1281  1346  1327  1456  1357  1408  1473  1601  1726  1866  2005  2152  2126  2532  2849  3287  3479  4053  4019  4086  4106  4204  4253  4522  4662  4844  5096  5344  5449  5708  5950  6093  6307  6579  6821  7334  7646
   94     2  3002  3126  3147  3116  2977  2960  3037  3204  3345  3593  3767  3932  3871  4469  4853  5555  5890  6689  6578  6501  6551  6674  6627  7116  7379  7598  7825  8192  8237  8563  8709  8868  9132  9397  9860 10326 10670
   95     1   927   942   993   982  1081  1010  1051  1103  1202  1300  1409  1518  1634  1619  1933  2181  2522  2677  3127  3108  3169  3192  3276  3323  3541  3659  3812  4019  4225  4318  4533  4736  4861  5043  5272  5478  5903
   95     2  2351  2339  2441  2463  2444  2340  2331  2397  2534  2650  2853  2997  3135  3092  3576  3891  4463  4741  5394  5315  5262  5312  5422  5393  5802  6027  6216  6413  6726  6774  7054  7187  7330  7561  7792  8190  8590
   96     1   622   658   671   710   704   777   729   760   800   875   948  1031  1114  1202  1195  1430  1618  1877  1997  2339  2331  2382  2406  2476  2517  2689  2786  2909  3075  3240  3319  3493  3658  3764  3913  4100  4271
   96     2  1727  1774  1769  1850  1871  1860  1785  1782  1836  1945  2039  2199  2315  2426  2398  2779  3029  3481  3705  4223  4169  4136  4183  4277  4262  4594  4780  4940  5105  5364  5412  5645  5761  5886  6082  6279  6610
   97     1   459   426   452   462   490   488   540   508   531   561   615   669   729   790   855   852  1023  1160  1350  1440  1691  1690  1732  1754  1809  1844  1975  2052  2148  2276  2404  2469  2604  2734  2819  2938  3086
   97     2  1288  1259  1296  1295  1358  1376  1371  1318  1319  1362  1445  1518  1641  1731  1818  1800  2090  2283  2629  2804  3202  3167  3147  3189  3267  3262  3522  3672  3802  3936  4142  4187  4376  4473  4578  4739  4901
   98     1   324   302   281   299   307   327   326   362   341   358   379   417   455   497   540   587   586   706   803   936  1002  1179  1182  1214  1233  1275  1303  1399  1457  1529  1625  1720  1771  1873  1971  2037  2128
   98     2   938   905   886   914   916   962   977   975   940   942   974  1037  1091  1182  1249  1314  1304  1517  1660  1915  2047  2342  2321  2311  2346  2408  2408  2605  2721  2822  2927  3086  3125  3271  3350  3435  3561
   99     1   184   205   191   179   191   196   210   210   234   221   233   247   272   298   327   356   387   388   468   534   625   670   791   795   819   834   865   886   954   996  1047  1116  1184  1222  1296  1367  1416
   99     2   697   633   612   601   621   623   656   667   668   645   648   671   715   754   819   867   914   909  1059  1161  1342  1437  1647  1635  1631  1659  1706  1709  1852  1938  2014  2092  2210  2242  2351  2412  2477