Alder Kjønn  2024  2025  2026  2027  2028  2029  2030  2031  2032  2033  2034  2035  2036  2037  2038  2039  2040  2041  2042  2043  2044  2045  2046  2047  2048  2049  2050  2051  2052  2053  2054  2055  2056  2057  2058  2059  2060
    0     1 26771 27368 27783 28216 28613 28784 28891 29024 29198 29416 29639 29825 30052 29956 29882 29807 29720 29606 29460 29272 29044 28778 28474 28152 27811 27465 27119 26800 26499 26240 26018 25840 25714 25631 25585 25574 25585
    0     2 25637 25917 26310 26720 27095 27257 27358 27484 27649 27855 28066 28242 28456 28366 28295 28224 28141 28034 27895 27717 27502 27249 26961 26657 26333 26006 25678 25376 25091 24845 24635 24467 24347 24269 24225 24215 24226
    1     1 27202 27038 27583 27983 28404 28793 28960 29066 29198 29370 29586 29806 29990 30215 30119 30044 29968 29880 29766 29619 29431 29203 28936 28631 28310 27967 27622 27275 26956 26655 26396 26174 25997 25871 25788 25742 25730
    1     2 25788 25882 26117 26495 26894 27262 27420 27521 27646 27809 28013 28222 28396 28609 28517 28446 28375 28291 28183 28044 27866 27649 27397 27108 26804 26480 26152 25824 25522 25237 24991 24781 24613 24494 24415 24372 24361
    2     1 29766 27364 27163 27696 28086 28500 28883 29049 29156 29287 29457 29671 29889 30072 30295 30198 30123 30047 29958 29844 29697 29509 29280 29014 28709 28388 28045 27700 27354 27034 26735 26476 26255 26079 25953 25870 25825
    2     2 28369 25943 25995 26223 26593 26985 27347 27504 27605 27729 27891 28093 28300 28473 28684 28592 28521 28449 28365 28257 28117 27939 27723 27470 27182 26877 26553 26226 25898 25596 25312 25067 24858 24690 24571 24493 24450
    3     1 28338 29865 27434 27238 27765 28150 28559 28939 29105 29212 29342 29512 29723 29940 30122 30343 30246 30171 30095 30006 29891 29744 29556 29327 29061 28757 28435 28093 27748 27402 27084 26785 26528 26307 26131 26007 25924
    3     2 27125 28470 26016 26067 26294 26658 27045 27404 27562 27663 27786 27947 28147 28352 28524 28733 28641 28569 28497 28413 28304 28165 27986 27770 27517 27229 26924 26600 26273 25945 25644 25361 25117 24908 24741 24623 24545
    4     1 29373 28422 29892 27475 27284 27807 28188 28595 28972 29138 29245 29375 29543 29753 29968 30148 30368 30271 30195 30119 30030 29915 29768 29579 29351 29084 28780 28459 28117 27773 27428 27111 26813 26557 26337 26162 26038
    4     2 27707 27202 28496 26055 26107 26334 26694 27078 27435 27592 27694 27817 27976 28174 28377 28548 28755 28663 28591 28519 28434 28325 28185 28007 27790 27538 27249 26945 26621 26294 25968 25667 25385 25142 24934 24768 24650
    5     1 29773 29441 28442 29901 27500 27316 27836 28217 28621 28995 29161 29268 29398 29565 29773 29986 30165 30383 30286 30210 30134 30044 29929 29782 29593 29365 29098 28794 28473 28132 27788 27444 27129 26832 26576 26358 26183
    5     2 28021 27770 27217 28503 26078 26132 26360 26720 27102 27456 27613 27714 27837 27995 28192 28393 28563 28769 28677 28605 28532 28447 28338 28198 28019 27802 27549 27261 26957 26634 26308 25983 25683 25402 25160 24953 24787
    6     1 30629 29840 29456 28455 29907 27523 27347 27866 28246 28647 29019 29184 29292 29421 29587 29794 30004 30182 30399 30302 30225 30148 30058 29943 29795 29606 29377 29110 28807 28486 28146 27803 27460 27146 26850 26595 26377
    6     2 28797 28096 27793 27236 28517 26109 26166 26396 26755 27135 27486 27642 27744 27866 28023 28218 28418 28585 28790 28698 28625 28552 28466 28356 28216 28037 27820 27567 27279 26975 26652 26327 26003 25704 25424 25183 24976
    7     1 32102 30700 29857 29464 28465 29916 27548 27378 27897 28275 28674 29043 29208 29316 29445 29610 29814 30023 30200 30415 30318 30240 30162 30072 29956 29807 29618 29389 29122 28818 28498 28158 27816 27475 27161 26866 26612
    7     2 30029 28861 28112 27800 27243 28524 26132 26192 26424 26782 27159 27507 27664 27765 27887 28043 28236 28434 28601 28804 28712 28638 28564 28478 28367 28226 28046 27829 27576 27288 26984 26663 26339 26015 25717 25438 25197
    8     1 32117 32189 30734 29882 29485 28493 29943 27590 27426 27943 28319 28716 29081 29246 29354 29483 29646 29848 30056 30231 30445 30347 30269 30190 30098 29981 29832 29641 29412 29144 28841 28521 28182 27841 27500 27186 26892
    8     2 30280 30102 28884 28128 27814 27262 28543 26166 26229 26461 26817 27192 27538 27694 27796 27918 28072 28264 28460 28625 28827 28734 28660 28585 28498 28387 28245 28065 27847 27594 27306 27003 26682 26358 26035 25738 25459
    9     1 32239 32215 32232 30769 29913 29517 28531 29981 27640 27480 27995 28370 28764 29127 29292 29399 29527 29689 29890 30095 30269 30481 30382 30303 30223 30130 30012 29862 29671 29440 29173 28869 28550 28211 27870 27530 27217
    9     2 30487 30374 30143 28916 28157 27844 27296 28578 26213 26277 26510 26865 27237 27581 27736 27838 27959 28112 28302 28496 28660 28861 28767 28692 28616 28528 28415 28273 28091 27873 27620 27332 27029 26708 26385 26063 25766
   10     1 32263 32363 32279 32283 30816 29961 29566 28585 30036 27705 27547 28061 28434 28826 29186 29350 29457 29583 29744 29943 30146 30319 30529 30429 30349 30268 30173 30054 29902 29710 29479 29212 28908 28589 28250 27910 27569
   10     2 30886 30595 30429 30187 28955 28197 27886 27342 28625 26270 26335 26568 26921 27291 27632 27787 27888 28008 28160 28348 28541 28704 28902 28808 28731 28654 28565 28452 28308 28126 27907 27654 27366 27063 26743 26420 26097
   11     1 33495 32402 32445 32344 32341 30874 30020 29628 28653 30102 27779 27622 28135 28507 28896 29254 29416 29523 29649 29808 30005 30206 30377 30585 30484 30402 30319 30224 30103 29950 29757 29526 29258 28955 28635 28296 27956
   11     2 31775 31002 30661 30482 30233 29000 28244 27936 27396 28679 26332 26397 26629 26981 27349 27688 27842 27942 28061 28212 28398 28589 28751 28948 28852 28774 28696 28605 28491 28346 28163 27944 27691 27403 27101 26780 26457
   12     1 33891 33620 32482 32513 32401 32396 30929 30079 29689 28718 30167 27850 27695 28206 28577 28963 29319 29480 29586 29711 29869 30064 30263 30433 30639 30537 30453 30369 30272 30150 29996 29803 29571 29303 28999 28680 28341
   12     2 31848 31896 31078 30726 30539 30287 29054 28300 27996 27458 28741 26400 26465 26697 27048 27414 27750 27903 28003 28121 28270 28455 28644 28804 28999 28902 28823 28743 28651 28536 28390 28207 27988 27734 27446 27143 26822
   13     1 34648 34039 33713 32570 32592 32475 32467 31003 30155 29766 28799 30246 27935 27781 28291 28660 29044 29397 29558 29662 29786 29942 30135 30332 30500 30704 30600 30515 30429 30331 30208 30053 29859 29627 29358 29054 28734
   13     2 32972 31969 31969 31145 30787 30596 30341 29111 28359 28057 27521 28803 26469 26533 26765 27114 27478 27812 27964 28063 28180 28328 28511 28698 28857 29051 28952 28872 28791 28697 28581 28434 28251 28031 27777 27489 27185
   14     1 35374 34806 34143 33805 32660 32677 32556 32549 31087 30241 29853 28888 30334 28028 27875 28383 28750 29132 29482 29641 29745 29867 30021 30212 30407 30573 30775 30670 30583 30495 30395 30271 30116 29921 29688 29419 29114
   14     2 33426 33084 32040 32031 31204 30844 30651 30396 29167 28417 28116 27582 28863 26533 26598 26829 27177 27539 27871 28022 28120 28236 28383 28564 28749 28907 29099 28999 28917 28835 28740 28623 28476 28292 28072 27817 27529
   15     1 35230 35558 34929 34257 33910 32765 32780 32657 32650 31190 30345 29958 28995 30440 28137 27984 28490 28855 29235 29583 29741 29842 29963 30115 30304 30497 30660 30860 30752 30663 30574 30473 30348 30191 29995 29762 29491
   15     2 32923 33541 33158 32109 32093 31267 30905 30711 30456 29229 28480 28180 27647 28927 26602 26666 26897 27243 27603 27933 28083 28180 28295 28440 28620 28804 28959 29149 29049 28966 28882 28787 28669 28522 28337 28116 27861
   16     1 34261 35473 35731 35090 34410 34058 32914 32928 32804 32797 31338 30493 30106 29144 30587 28288 28135 28638 29001 29378 29722 29878 29977 30095 30245 30430 30620 30781 30978 30867 30777 30686 30583 30456 30298 30101 29866
   16     2 32266 33075 33649 33259 32206 32187 31362 31000 30806 30550 29323 28575 28275 27743 29022 26700 26764 26993 27337 27695 28023 28172 28267 28381 28524 28701 28883 29036 29224 29122 29038 28953 28857 28739 28590 28405 28183
   17     1 34585 34531 35659 35905 35254 34571 34218 33077 33090 32964 32956 31498 30654 30267 29306 30746 28450 28296 28797 29157 29531 29872 30025 30122 30237 30383 30566 30752 30909 31103 30990 30898 30805 30701 30572 30412 30213
   17     2 32460 32387 33151 33721 33326 32273 32253 31430 31069 30874 30617 29392 28645 28346 27814 29091 26773 26837 27065 27407 27763 28089 28235 28330 28441 28583 28758 28937 29089 29275 29172 29087 29002 28905 28785 28636 28450
   18     1 33803 34799 34683 35799 36038 35384 34702 34348 33211 33223 33096 33087 31630 30787 30399 29440 30877 28584 28430 28929 29286 29657 29996 30146 30241 30354 30497 30677 30860 31015 31207 31093 30999 30905 30800 30670 30509
   18     2 31910 32568 32459 33217 33780 33385 32336 32315 31494 31134 30938 30680 29458 28712 28414 27882 29156 26845 26907 27134 27474 27827 28150 28295 28388 28497 28637 28810 28987 29137 29322 29217 29132 29046 28948 28828 28678
   19     1 33769 33944 34904 34784 35890 36128 35473 34793 34438 33304 33314 33185 33176 31721 30878 30490 29532 30965 28677 28523 29019 29374 29742 30078 30226 30319 30430 30571 30748 30930 31083 31273 31159 31064 30969 30863 30732
   19     2 31947 32017 32643 32535 33284 33842 33448 32402 32380 31561 31200 31004 30744 29525 28780 28481 27950 29219 26915 26976 27201 27537 27887 28206 28349 28439 28545 28682 28852 29027 29175 29358 29253 29166 29079 28981 28860
   20     1 33286 33960 34080 35035 34907 36005 36241 35586 34906 34549 33418 33427 33295 33283 31829 30986 30598 29641 31069 28785 28630 29122 29474 29839 30171 30316 30406 30514 30652 30827 31006 31158 31346 31230 31134 31038 30930
   20     2 31883 32123 32135 32757 32644 33383 33936 33542 32499 32476 31658 31296 31098 30836 29619 28876 28576 28044 29305 27011 27069 27291 27623 27967 28282 28420 28506 28609 28742 28909 29081 29226 29406 29300 29212 29123 29024
   21     1 32769 33545 34147 34249 35190 35058 36148 36382 35725 35045 34687 33559 33564 33429 33414 31962 31118 30728 29772 31194 28915 28758 29246 29593 29953 30281 30422 30508 30612 30748 30919 31096 31245 31430 31313 31215 31117
   21     2 31568 32059 32248 32255 32864 32750 33481 34029 33635 32596 32570 31753 31390 31191 30926 29712 28971 28669 28138 29391 27106 27162 27379 27706 28046 28355 28488 28570 28670 28799 28962 29131 29273 29450 29342 29253 29163
   22     1 33916 33053 33765 34340 34424 35358 35223 36305 36537 35878 35199 34840 33714 33716 33577 33558 32107 31263 30871 29915 31329 29055 28896 29379 29721 30076 30398 30535 30618 30718 30851 31019 31193 31339 31521 31401 31302
   22     2 32108 31801 32211 32401 32393 32998 32882 33605 34147 33752 32716 32688 31872 31507 31306 31038 29827 29086 28784 28252 29495 27221 27273 27486 27807 28140 28443 28571 28649 28744 28870 29030 29195 29334 29507 29397 29305
   23     1 35835 34302 33351 34040 34590 34662 35592 35454 36527 36755 36095 35416 35055 33930 33927 33783 33759 32310 31464 31070 30113 31518 29248 29086 29562 29898 30246 30562 30694 30772 30868 30997 31162 31331 31473 31652 31529
   23     2 33472 32482 32057 32452 32631 32616 33215 33097 33811 34343 33947 32913 32880 32065 31697 31491 31219 30011 29271 28965 28432 29664 27400 27447 27655 27968 28293 28588 28711 28784 28874 28996 29151 29311 29446 29615 29502
   24     1 36201 36277 34652 33676 34348 34883 34948 35871 35729 36792 37017 36356 35677 35312 34188 34179 34029 34001 32552 31705 31307 30349 31744 29478 29312 29780 30109 30449 30759 30885 30959 31052 31176 31336 31501 31639 31813
   24     2 33840 33931 32833 32377 32755 32931 32911 33503 33382 34085 34608 34210 33176 33139 32323 31951 31741 31464 30257 29517 29208 28673 29893 27638 27680 27880 28185 28501 28789 28906 28974 29060 29177 29327 29482 29612 29775
   25     1 36116 36729 36678 35032 34043 34704 35228 35289 36202 36056 37110 37331 36668 35988 35619 34495 34479 34324 34290 32841 31991 31589 30629 32013 29751 29579 30039 30359 30693 30995 31117 31186 31274 31394 31549 31709 31842
   25     2 34304 34404 34350 33235 32757 33127 33302 33277 33861 33735 34426 34940 34538 33505 33462 32644 32266 32051 31769 30563 29821 29508 28971 30178 27932 27967 28159 28454 28762 29041 29152 29216 29297 29408 29553 29702 29827
   26     1 37328 36702 37163 37071 35419 34428 35079 35596 35649 36551 36402 37448 37665 36998 36316 35942 34817 34795 34633 34593 33143 32290 31884 30922 32294 30035 29857 30308 30621 30947 31243 31360 31425 31508 31622 31772 31927
   26     2 35359 34871 34826 34737 33620 33132 33498 33672 33641 34217 34086 34765 35270 34864 33830 33779 32959 32577 32355 32068 30861 30117 29801 29261 30456 28217 28245 28429 28716 29015 29287 29393 29452 29528 29634 29773 29917
   27     1 38428 37888 37129 37538 37427 35779 34787 35433 35940 35983 36879 36728 37765 37976 37306 36621 36242 35116 35087 34919 34872 33422 32566 32155 31191 32552 30294 30111 30554 30860 31180 31471 31583 31643 31721 31831 31975
   27     2 36700 35899 35250 35183 35081 33969 33477 33841 34014 33977 34545 34409 35077 35572 35162 34127 34069 33247 32860 32632 32338 31131 30386 30065 29523 30706 28473 28495 28672 28951 29244 29510 29612 29666 29738 29838 29972
   28     1 38569 38966 38281 37483 37867 37748 36103 35117 35756 36252 36288 37180 37024 38051 38257 37582 36895 36511 35385 35350 35175 35123 33672 32813 32397 31431 32780 30526 30338 30774 31074 31389 31674 31782 31838 31911 32016
   28     2 36702 37171 36221 35551 35479 35377 34271 33779 34142 34310 34268 34829 34688 35346 35832 35418 34381 34317 33493 33101 32867 32569 31361 30614 30290 29745 30917 28690 28707 28878 29152 29439 29700 29798 29848 29915 30011
   29     1 38666 39097 39343 38613 37801 38173 38047 36410 35427 36059 36547 36580 37463 37302 38319 38518 37840 37150 36762 35635 35593 35412 35353 33901 33039 32619 31650 32989 30738 30546 30977 31272 31582 31862 31965 32017 32086
   29     2 37074 37113 37428 36467 35790 35724 35621 34526 34033 34392 34558 34511 35065 34920 35568 36045 35627 34590 34520 33695 33298 33059 32756 31547 30799 30471 29924 31087 28866 28878 29045 29315 29598 29854 29947 29994 30058
   30     1 39269 39165 39451 39650 38901 38086 38447 38321 36690 35710 36335 36817 36845 37720 37554 38561 38754 38072 37380 36987 35859 35811 35623 35559 34106 33241 32816 31845 33176 30928 30734 31160 31451 31755 32031 32130 32178
   30     2 37734 37410 37322 37615 36656 35982 35920 35821 34734 34238 34593 34756 34704 35252 35103 35742 36212 35792 34754 34680 33853 33453 33210 32902 31693 30943 30613 30063 31219 29004 29013 29178 29444 29723 29974 30065 30109
   31     1 40435 39694 39476 39720 39898 39144 38324 38684 38555 36929 35952 36572 37048 37071 37937 37766 38764 38952 38266 37572 37174 36046 35993 35799 35730 34276 33408 32979 32008 33331 31088 30892 31314 31601 31901 32172 32267
   31     2 38366 37996 37561 37462 37747 36797 36127 36071 35973 34891 34393 34744 34905 34848 35390 35237 35869 36334 35911 34873 34795 33969 33566 33319 33008 31798 31047 30715 30164 31315 29106 29113 29276 29539 29814 30062 30151
   32     1 40915 40807 39956 39717 39942 40109 39350 38534 38888 38758 37137 36165 36779 37248 37266 38124 37948 38937 39121 38432 37737 37335 36207 36148 35949 35875 34420 33550 33118 32146 33463 31225 31028 31446 31729 32025 32292
   32     2 39156 38569 38111 37673 37570 37854 36913 36247 36193 36094 35018 34517 34865 35023 34961 35497 35342 35967 36427 36002 34965 34884 34057 33653 33402 33088 31878 31125 30792 30241 31387 29185 29191 29352 29612 29884 30129
   33     1 41291 41230 41011 40142 39903 40118 40277 39520 38703 39055 38924 37309 36340 36949 37411 37423 38273 38093 39075 39255 38565 37869 37464 36335 36272 36069 35991 34535 33664 33230 32258 33570 31337 31140 31554 31834 32127
   33     2 39957 39371 38678 38221 37781 37682 37964 37031 36366 36314 36214 35142 34638 34983 35138 35071 35602 35444 36062 36517 36091 35054 34970 34143 33736 33481 33164 31954 31201 30867 30317 31459 29262 29267 29426 29684 29953
   34     1 40838 41548 41393 41150 40279 40047 40255 40413 39655 38839 39188 39057 37447 36481 37084 37539 37546 38389 38205 39180 39359 38666 37970 37563 36435 36367 36160 36078 34623 33751 33317 32347 33654 31425 31227 31638 31916
   34     2 39406 40134 39466 38756 38303 37871 37774 38055 37126 36463 36411 36311 35242 34736 35077 35229 35159 35685 35524 36136 36587 36158 35122 35034 34207 33798 33540 33220 32011 31257 30923 30374 31513 29322 29326 29483 29739
   35     1 40645 41061 41673 41500 41250 40385 40158 40366 40520 39763 38947 39295 39163 37558 36595 37191 37639 37642 38478 38292 39260 39436 38743 38047 37637 36509 36438 36227 36144 34689 33818 33383 32414 33717 31493 31294 31703
   35     2 39138 39575 40220 39545 38825 38383 37957 37862 38141 37217 36554 36503 36401 35336 34826 35164 35314 35239 35761 35597 36203 36649 36218 35182 35091 34264 33852 33591 33269 32060 31306 30973 30425 31561 29375 29378 29534
   36     1 38886 40823 41165 41754 41575 41329 40469 40251 40455 40607 39851 39035 39381 39248 37647 36686 37277 37718 37717 38547 38358 39320 39494 38800 38104 37692 36564 36491 36277 36192 34740 33870 33434 32467 33766 31546 31347
   36     2 37922 39293 39651 40286 39608 38889 38457 38037 37943 38219 37299 36637 36587 36483 35420 34908 35242 35389 35311 35828 35661 36261 36703 36270 35234 35140 34312 33898 33634 33310 32102 31350 31017 30469 31603 29422 29424
   37     1 39168 39045 40884 41220 41801 41626 41383 40530 40318 40519 40670 39916 39100 39444 39309 37712 36754 37340 37774 37768 38592 38401 39358 39530 38835 38139 37724 36598 36522 36306 36221 34771 33903 33467 32501 33796 31581
   37     2 37284 38066 39358 39705 40334 39663 38945 38522 38107 38013 38288 37372 36710 36660 36554 35493 34977 35309 35453 35371 35884 35714 36309 36746 36312 35276 35178 34349 33934 33667 33342 32135 31384 31052 30505 31636 29460
   38     1 38450 39278 39096 40905 41245 41826 41656 41416 40567 40362 40561 40712 39959 39142 39483 39347 37754 36799 37380 37808 37799 38616 38423 39375 39545 38850 38154 37738 36612 36535 36318 36233 34786 33919 33483 32520 33811
   38     2 36673 37409 38124 39403 39742 40374 39710 38995 38578 38167 38075 38348 37434 36772 36722 36614 35555 35037 35366 35507 35422 35931 35759 36349 36781 36345 35309 35208 34378 33961 33693 33367 32162 31412 31080 30535 31663
   39     1 37633 38556 39308 39123 40914 41266 41849 41685 41444 40600 40402 40599 40750 39998 39179 39518 39380 37791 36838 37415 37838 37824 38636 38441 39387 39556 38860 38165 37747 36624 36546 36328 36243 34798 33933 33497 32536
   39     2 36327 36792 37457 38165 39432 39773 40409 39751 39038 38627 38220 38129 38399 37489 36826 36776 36665 35608 35088 35413 35553 35465 35970 35795 36380 36808 36370 35333 35230 34400 33982 33713 33386 32183 31433 31102 30558
   40     1 37702 37720 38562 39294 39117 40902 41264 41851 41689 41451 40612 40420 40615 40765 40013 39194 39530 39391 37807 36857 37430 37847 37830 38636 38440 39381 39549 38853 38159 37741 36620 36542 36323 36239 34797 33934 33498
   40     2 35720 36436 36836 37488 38190 39455 39799 40438 39785 39073 38668 38265 38175 38443 37534 36871 36820 36708 35652 35130 35453 35591 35500 36001 35824 36405 36829 36390 35354 35248 34419 34001 33731 33404 32202 31453 31122
   41     1 37747 37750 37706 38523 39246 39085 40868 41239 41826 41667 41433 40599 40412 40606 40755 40003 39183 39517 39378 37798 36852 37421 37833 37813 38615 38417 39355 39522 38827 38135 37717 36598 36521 36302 36219 34780 33919
   41     2 35977 35808 36470 36857 37499 38203 39468 39815 40455 39808 39099 38699 38298 38208 38474 37567 36904 36853 36739 35685 35161 35482 35618 35525 36024 35845 36422 36844 36404 35369 35262 34434 34016 33746 33419 32218 31470
   42     1 36506 37790 37731 37671 38474 39197 39050 40830 41205 41795 41640 41409 40579 40396 40587 40735 39984 39163 39496 39356 37780 36837 37402 37810 37787 38584 38385 39319 39486 38792 38102 37684 36569 36492 36273 36190 34754
   42     2 35395 36066 35841 36494 36869 37511 38218 39483 39831 40473 39832 39125 38729 38331 38241 38504 37599 36936 36884 36770 35717 35192 35511 35646 35550 36046 35866 36440 36860 36419 35387 35279 34452 34035 33764 33438 32238
   43     1 37247 36546 37764 37684 37619 38416 39142 39005 40780 41161 41755 41604 41373 40547 40368 40556 40703 39952 39131 39462 39322 37751 36811 37373 37775 37750 38543 38343 39273 39440 38747 38060 37643 36531 36454 36235 36154
   43     2 35434 35475 36092 35856 36502 36875 37517 38225 39489 39839 40484 39848 39142 38750 38354 38264 38525 37621 36958 36907 36791 35740 35214 35531 35665 35567 36061 35880 36451 36870 36430 35399 35292 34466 34049 33779 33452
   44     1 36528 37251 36509 37700 37611 37547 38342 39068 38938 40710 41098 41695 41547 41317 40494 40319 40505 40651 39901 39079 39410 39268 37703 36766 37326 37723 37695 38484 38284 39211 39379 38688 38004 37587 36478 36402 36183
   44     2 34891 35492 35496 36099 35853 36499 36872 37513 38222 39484 39837 40484 39852 39147 38758 38363 38274 38533 37631 36968 36917 36801 35751 35224 35540 35672 35573 36064 35882 36451 36869 36430 35402 35294 34469 34053 33783
   45     1 36277 36529 37201 36450 37626 37535 37476 38266 38990 38869 40639 41033 41632 41487 41257 40436 40265 40450 40595 39846 39024 39353 39212 37651 36718 37274 37668 37638 38424 38224 39148 39317 38628 37947 37531 36425 36349
   45     2 34562 34943 35502 35501 36090 35843 36490 36861 37500 38210 39471 39826 40473 39846 39141 38755 38362 38273 38530 37630 36967 36916 36799 35751 35223 35537 35669 35568 36057 35875 36442 36859 36420 35394 35287 34463 34047
   46     1 35126 36275 36478 37128 36378 37547 37456 37400 38183 38905 38794 40563 40960 41561 41418 41188 40370 40203 40386 40531 39783 38960 39289 39147 37591 36661 37215 37605 37573 38356 38156 39078 39249 38562 37883 37468 36365
   46     2 33864 34599 34944 35491 35485 36070 35823 36469 36837 37474 38186 39446 39802 40450 39826 39122 38739 38348 38259 38514 37616 36953 36902 36785 35739 35209 35522 35652 35550 36038 35856 36421 36837 36399 35375 35268 34445
   47     1 35992 35107 36210 36395 37035 36291 37455 37362 37306 38085 38808 38704 40470 40871 41473 41332 41103 40288 40124 40305 40450 39703 38881 39208 39067 37515 36589 37140 37527 37494 38274 38075 38995 39167 38482 37806 37392
   47     2 34296 33893 34596 34934 35469 35466 36048 35799 36442 36809 37445 38157 39415 39772 40420 39800 39096 38715 38326 38237 38491 37594 36931 36881 36762 35718 35187 35498 35628 35525 36011 35828 36392 36807 36370 35348 35240
   48     1 36600 35946 35030 36111 36288 36925 36188 37345 37247 37194 37971 38695 38597 40360 40764 41367 41227 40999 40187 40027 40207 40351 39606 38784 39110 38969 37423 36500 37049 37433 37399 38177 37979 38897 39070 38388 37714
   48     2 35472 34329 33888 34583 34914 35446 35446 36023 35773 36414 36780 37416 38127 39383 39740 40388 39770 39067 38689 38302 38212 38464 37570 36907 36856 36736 35694 35162 35472 35600 35496 35981 35799 36361 36775 36338 35317
   49     1 37914 36543 35856 34930 35998 36174 36807 36076 37224 37125 37075 37851 38574 38481 40241 40648 41252 41115 40887 40079 39923 40101 40246 39502 38681 39007 38866 37325 36407 36954 37336 37301 38077 37881 38797 38971 38291
   49     2 36905 35472 34312 33860 34549 34880 35408 35411 35983 35731 36371 36737 37371 38082 39335 39692 40340 39725 39023 38647 38261 38171 38422 37530 36867 36816 36695 35655 35123 35431 35559 35455 35938 35756 36317 36730 36293
   50     1 38137 37838 36439 35739 34812 35874 36050 36678 35951 37094 36995 36948 37721 38443 38356 40112 40522 41128 40993 40767 39962 39811 39988 40133 39391 38571 38897 38757 37221 36308 36854 37234 37199 37973 37778 38693 38869
   50     2 36422 36897 35446 34288 33826 34516 34847 35371 35374 35941 35690 36330 36695 37326 38037 39286 39644 40290 39679 38977 38603 38219 38129 38379 37488 36826 36774 36653 35615 35081 35389 35516 35412 35894 35712 36271 36684
   51     1 39280 38056 37724 36316 35612 34689 35748 35921 36543 35823 36960 36861 36817 37586 38307 38224 39978 40391 40999 40866 40642 39841 39694 39871 40016 39276 38458 38784 38645 37116 36208 36753 37131 37097 37870 37676 38589
   51     2 37653 36399 36851 35401 34244 33780 34470 34799 35318 35323 35888 35637 36274 36638 37268 37978 39225 39582 40229 39621 38920 38549 38167 38077 38326 37437 36775 36724 36602 35567 35033 35340 35468 35363 35845 35663 36221
   52     1 39009 39171 37934 37586 36179 35475 34559 35611 35780 36399 35686 36819 36718 36676 37441 38161 38084 39834 40251 40860 40731 40508 39712 39569 39746 39892 39154 38338 38664 38527 37004 36101 36647 37023 36989 37761 37568
   52     2 37722 37609 36349 36794 35343 34193 33726 34414 34742 35256 35265 35827 35575 36211 36574 37201 37911 39156 39514 40161 39556 38857 38489 38109 38020 38267 37381 36720 36669 36548 35515 34982 35289 35417 35312 35794 35613
   53     1 38525 38897 39033 37799 37443 36041 35341 34428 35473 35642 36258 35552 36679 36577 36536 37299 38017 37945 39692 40112 40723 40596 40376 39584 39446 39622 39769 39034 38220 38547 38412 36895 35998 36543 36918 36885 37655
   53     2 37133 37654 37538 36283 36718 35271 34128 33657 34343 34670 35182 35194 35754 35501 36135 36496 37122 37833 39076 39435 40082 39481 38784 38418 38041 37953 38200 37317 36657 36607 36486 35457 34926 35233 35361 35257 35738
   54     1 39108 38388 38742 38864 37640 37281 35887 35187 34276 35315 35484 36098 35398 36519 36414 36376 37135 37852 37785 39529 39953 40566 40442 40224 39437 39304 39480 39628 38896 38085 38412 38280 36771 35879 36424 36798 36765
   54     2 37776 37066 37582 37467 36214 36647 35207 34069 33597 34282 34609 35120 35133 35691 35438 36071 36431 37056 37766 39007 39367 40015 39417 38721 38358 37984 37896 38143 37262 36603 36555 36436 35409 34879 35186 35315 35211
   55     1 38661 38949 38209 38561 38680 37466 37105 35717 35017 34111 35146 35316 35926 35233 36347 36241 36205 36961 37677 37615 39357 39784 40399 40279 40063 39282 39153 39330 39479 38750 37943 38272 38142 36640 35754 36299 36673
   55     2 37317 37660 36967 37484 37367 36122 36554 35118 33984 33510 34195 34522 35030 35045 35600 35346 35978 36337 36961 37672 38911 39272 39921 39327 38634 38275 37903 37817 38063 37185 36528 36482 36364 35341 34812 35120 35250
   56     1 37430 38493 38772 38021 38377 38494 37290 36927 35543 34845 33945 34976 35145 35750 35063 36171 36064 36030 36783 37498 37442 39180 39610 40227 40110 39898 39122 38998 39175 39326 38601 37797 38127 38000 36505 35625 36170
   56     2 36294 37202 37555 36865 37379 37266 36028 36457 35025 33894 33421 34105 34432 34935 34953 35504 35250 35881 36240 36862 37574 38812 39174 39824 39234 38543 38187 37819 37735 37981 37106 36451 36406 36290 35270 34744 35052
   57     1 37427 37247 38292 38569 37815 38173 38291 37095 36729 35353 34657 33763 34788 34955 35556 34875 35977 35869 35838 36588 37302 37251 38986 39420 40038 39925 39716 38945 38827 39005 39157 38436 37636 37968 37843 36356 35482
   57     2 35548 36162 37084 37439 36748 37264 37155 35923 36348 34919 33795 33322 34004 34329 34829 34849 35398 35143 35773 36131 36752 37465 38701 39065 39716 39131 38442 38090 37725 37643 37889 37018 36365 36322 36207 35191 34666
   58     1 36549 37219 37038 38070 38350 37596 37956 38073 36885 36518 35151 34458 33569 34587 34752 35349 34675 35770 35662 35633 36381 37094 37048 38780 39217 39837 39728 39522 38757 38644 38824 38977 38261 37465 37798 37676 36197
   58     2 34939 35417 36043 36965 37318 36632 37150 37042 35814 36236 34813 33694 33221 33901 34224 34721 34743 35289 35034 35662 36020 36640 37354 38589 38953 39605 39025 38339 37991 37629 37549 37796 36928 36277 36236 36123 35111
   59     1 35670 36330 36988 36808 37833 38117 37363 37724 37840 36662 36296 34937 34246 33362 34373 34537 35129 34462 35551 35442 35416 36161 36873 36833 38561 39001 39623 39518 39316 38558 38450 38631 38786 38075 37283 37618 37500
   59     2 34304 34806 35294 35919 36839 37194 36513 37030 36923 35701 36121 34703 33589 33115 33792 34114 34608 34632 35175 34920 35547 35904 36524 37238 38471 38837 39490 38915 38231 37888 37529 37452 37698 36835 36186 36147 36035
   60     1 33800 35428 36082 36733 36558 37577 37864 37112 37473 37590 36425 36059 34710 34021 33143 34147 34310 34898 34238 35320 35212 35189 35931 36642 36607 38331 38774 39398 39297 39099 38348 38246 38428 38586 37879 37093 37429
   60     2 33195 34123 34647 35135 35755 36680 37039 36359 36876 36769 35556 35975 34562 33453 32978 33653 33974 34463 34490 35030 34775 35401 35757 36376 37091 38323 38691 39346 38776 38095 37757 37403 37327 37575 36715 36069 36033
   61     1 33172 33531 35169 35819 36464 36296 37310 37599 36847 37212 37330 36176 35810 34470 33784 32912 33909 34071 34655 34003 35078 34971 34951 35690 36400 36371 38090 38537 39163 39066 38873 38129 38033 38217 38376 37675 36894
   61     2 32066 33009 33960 34486 34972 35594 36519 36879 36201 36717 36613 35408 35825 34417 33312 32837 33509 33828 34314 34343 34880 34625 35250 35606 36224 36939 38169 38539 39195 38631 37954 37620 37270 37198 37445 36591 35948
   62     1 32312 32883 33261 34895 35540 36182 36022 37029 37320 36573 36939 37059 35915 35550 34220 33536 32671 33662 33823 34403 33759 34828 34721 34705 35441 36150 36127 37842 38292 38920 38828 38639 37903 37813 37998 38160 37465
   62     2 31536 31860 32834 33786 34312 34801 35423 36346 36705 36030 36547 36447 35248 35661 34259 33160 32684 33353 33671 34153 34185 34718 34463 35087 35442 36059 36775 38003 38375 39032 38474 37801 37472 37127 37057 37305 36455
   63     1 31731 32001 32585 32966 34594 35237 35877 35722 36724 37017 36276 36644 36765 35632 35268 33949 33269 32411 33395 33555 34132 33497 34559 34453 34441 35175 35883 35866 37576 38030 38660 38573 38389 37661 37577 37765 37928
   63     2 31009 31323 31669 32645 33594 34123 34615 35235 36154 36514 35843 36361 36262 35071 35480 34084 32991 32515 33181 33498 33975 34010 34540 34286 34908 35263 35879 36595 37821 38195 38853 38301 37632 37309 36968 36901 37150
   64     1 31439 31410 31695 32276 32660 34282 34922 35560 35410 36407 36704 35970 36338 36459 35339 34976 33668 32993 32143 33120 33280 33853 33227 34282 34178 34169 34901 35608 35598 37302 37760 38392 38310 38132 37412 37335 37524
   64     2 30817 30787 31127 31473 32447 33399 33929 34421 35037 35953 36315 35649 36167 36069 34885 35290 33901 32814 32339 33002 33317 33791 33828 34354 34101 34722 35076 35691 36408 37631 38007 38666 38121 37457 37139 36802 36738
   65     1 30606 31085 31067 31357 31934 32320 33936 34573 35207 35064 36056 36356 35626 35995 36116 35008 34645 33350 32678 31836 32804 32964 33532 32916 33964 33860 33856 34584 35290 35288 36988 37450 38086 38010 37837 37126 37057
   65     2 30665 30571 30567 30911 31253 32226 33176 33703 34195 34807 35722 36086 35423 35939 35842 34665 35066 33684 32603 32127 32785 33099 33567 33608 34129 33877 34495 34848 35462 36179 37400 37780 38440 37903 37244 36933 36602
   66     1 29615 30236 30727 30708 31002 31574 31964 33570 34204 34836 34700 35687 35989 35265 35634 35756 34661 34299 33016 32349 31515 32476 32634 33199 32593 33632 33529 33530 34255 34961 34967 36661 37129 37767 37697 37530 36829
   66     2 29801 30398 30338 30337 30682 31024 31994 32940 33465 33956 34568 35480 35845 35183 35699 35602 34434 34830 33455 32382 31905 32560 32872 33334 33379 33895 33643 34259 34612 35225 35943 37161 37544 38205 37677 37024 36719
   67     1 29427 29231 29856 30349 30329 30629 31198 31590 33184 33816 34446 34318 35298 35603 34885 35255 35377 34297 33936 32668 32006 31181 32134 32292 32852 32257 33288 33187 33193 33915 34620 34635 36323 36796 37437 37374 37213
   67     2 29959 29522 30137 30086 30085 30433 30774 31739 32681 33205 33698 34308 35215 35580 34922 35437 35341 34182 34573 33207 32141 31665 32315 32626 33082 33132 33642 33393 34006 34359 34971 35689 36905 37291 37954 37435 36787
   68     1 28422 29020 28838 29458 29951 29933 30239 30802 31196 32779 33410 34038 33917 34891 35197 34487 34858 34982 33916 33558 32305 31649 30835 31779 31937 32493 31910 32933 32834 32845 33564 34269 34292 35974 36452 37095 37039
   68     2 28912 29664 29261 29870 29824 29826 30176 30516 31476 32413 32938 33433 34039 34941 35306 34651 35166 35071 33922 34308 32952 31894 31419 32065 32374 32825 32879 33384 33136 33747 34099 34711 35430 36642 37032 37696 37186
   69     1 27340 28003 28605 28431 29046 29539 29525 29835 30393 30789 32361 32990 33616 33502 34469 34779 34077 34449 34574 33525 33169 31932 31283 30480 31416 31575 32126 31555 32571 32474 32490 33207 33911 33942 35618 36101 36748
   69     2 28346 28607 29366 28975 29577 29539 29544 29895 30232 31188 32123 32647 33142 33745 34641 35006 34356 34869 34776 33638 34020 32675 31627 31152 31794 32102 32548 32606 33107 32861 33470 33822 34433 35152 36361 36754 37420
   70     1 26615 26955 27617 28219 28055 28670 29165 29158 29473 30031 30431 31992 32621 33249 33144 34108 34422 33734 34111 34241 33209 32863 31644 31007 30216 31150 31313 31866 31304 32317 32226 32248 32964 33669 33705 35374 35859
   70     2 27775 28069 28332 29088 28706 29307 29274 29283 29635 29974 30926 31858 32382 32877 33479 34373 34740 34099 34613 34525 33399 33782 32450 31413 30945 31586 31896 32342 32403 32904 32663 33272 33625 34236 34954 36160 36554
   71     1 26081 26205 26548 27209 27811 27658 28273 28769 28771 29090 29649 30052 31602 32232 32861 32765 33727 34045 33373 33753 33890 32875 32540 31339 30715 29938 30868 31036 31590 31039 32049 31965 31991 32708 33412 33454 35116
   71     2 26988 27462 27758 28023 28777 28404 29003 28976 28990 29343 29684 30632 31560 32084 32580 33182 34073 34441 33811 34326 34243 33131 33516 32199 31173 30713 31354 31665 32112 32176 32678 32442 33051 33405 34016 34733 35935
   72     1 24730 25621 25752 26099 26758 27360 27219 27834 28332 28343 28666 29227 29633 31171 31802 32431 32345 33304 33628 32972 33356 33500 32506 32182 31001 30391 29629 30557 30729 31284 30745 31752 31675 31707 32424 33128 33175
   72     2 25289 26648 27122 27420 27688 28438 28075 28674 28652 28672 29027 29369 30313 31237 31761 32258 32860 33748 34118 33499 34014 33938 32841 33227 31926 30914 30462 31102 31415 31863 31931 32433 32203 32811 33168 33778 34494
   73     1 24603 24256 25140 25279 25630 26288 26889 26761 27375 27875 27895 28223 28785 29194 30719 31350 31980 31906 32861 33189 32552 32940 33091 32117 31805 30646 30050 29303 30228 30406 30962 30435 31439 31369 31408 32124 32829
   73     2 25593 24935 26282 26756 27056 27327 28074 27722 28319 28304 28329 28686 29030 29969 30889 31414 31911 32512 33397 33770 33163 33679 33610 32529 32917 31633 30635 30192 30831 31146 31595 31667 32170 31946 32554 32912 33522
   74     1 24117 24064 23736 24612 24759 25114 25770 26370 26255 26869 27370 27401 27733 28296 28708 30219 30851 31482 31418 32370 32704 32086 32478 32637 31685 31387 30252 29671 28942 29863 30046 30604 30091 31090 31029 31074 31790
   74     2 25212 25204 24563 25896 26370 26673 26947 27690 27350 27946 27937 27969 28328 28674 29608 30523 31048 31546 32147 33029 33404 32810 33327 33264 32200 32591 31325 30342 29909 30546 30864 31313 31390 31893 31677 32284 32644
   75     1 24028 23536 23496 23188 24056 24211 24570 25222 25822 25721 26333 26836 26877 27214 27777 28193 29688 30320 30951 30900 31847 32187 31589 31986 32152 31225 30940 29830 29266 28555 29473 29662 30220 29721 30717 30664 30716
   75     2 25053 24773 24773 24150 25469 25943 26249 26526 27266 26938 27532 27531 27570 27931 28279 29207 30118 30644 31142 31743 32621 32999 32419 32938 32882 31837 32230 30984 30018 29595 30232 30552 31003 31084 31588 31379 31986
   76     1 23585 23380 22914 22888 22600 23458 23622 23984 24634 25232 25144 25756 26259 26312 26653 27216 27636 29113 29744 30376 30337 31279 31624 31048 31449 31624 30723 30453 29370 28824 28133 29045 29240 29800 29316 30307 30263
   76     2 25330 24565 24299 24308 23705 25008 25482 25791 26072 26807 26493 27086 27093 27139 27502 27854 28776 29681 30207 30707 31308 32182 32563 31999 32518 32471 31446 31841 30617 29669 29257 29893 30216 30668 30755 31260 31059
   77     1 23659 22877 22692 22254 22241 21974 22821 22994 23359 24004 24600 24527 25136 25640 25704 26050 26612 27035 28492 29123 29754 29729 30664 31015 30462 30868 31051 30177 29923 28869 28342 27672 28579 28781 29341 28874 29858
   77     2 25670 24779 24040 23790 23808 23226 24512 24986 25299 25583 26315 26015 26607 26623 26676 27042 27396 28312 29212 29738 30239 30840 31710 32094 31546 32067 32029 31026 31424 30224 29295 28895 29530 29855 30309 30402 30907
   78     1 20104 22849 22109 21945 21535 21537 21292 22127 22307 22675 23316 23908 23851 24457 24961 25036 25386 25948 26373 27808 28438 29068 29056 29984 30341 29813 30223 30415 29571 29333 28312 27806 27158 28059 28267 28828 28379
   78     2 22464 25042 24184 23474 23240 23267 22709 23977 24451 24766 25055 25781 25498 26088 26113 26175 26544 26901 27810 28703 29230 29732 30332 31198 31585 31056 31578 31550 30571 30971 29796 28889 28502 29136 29464 29920 30018
   79     1 18718 19333 21990 21293 21151 20771 20788 20565 21386 21575 21945 22579 23167 23126 23727 24231 24318 24672 25232 25659 27070 27698 28325 28329 29248 29610 29109 29523 29724 28912 28692 27705 27221 26598 27492 27707 28267
   79     2 20976 21840 24359 23537 22858 22641 22679 22146 23393 23867 24186 24479 25200 24934 25521 25556 25628 25999 26359 27260 28146 28674 29177 29776 30637 31028 30518 31041 31024 30071 30474 29327 28442 28070 28702 29034 29491
   80     1 15908 17920 18525 21087 20435 20315 19965 19996 19797 20602 20799 21170 21797 22380 22355 22951 23453 23552 23909 24466 24895 26280 26904 27529 27547 28456 28823 28350 28768 28978 28200 27999 27048 26588 25992 26877 27098
   80     2 18072 20320 21170 23625 22841 22194 21997 22046 21539 22764 23236 23559 23856 24570 24322 24907 24953 25034 25408 25771 26663 27542 28069 28573 29172 30026 30422 29933 30457 30451 29526 29932 28815 27955 27598 28229 28564
   81     1 13761 15125 17054 17645 20104 19500 19402 19084 19130 18955 19742 19946 20318 20936 21511 21503 22093 22592 22703 23063 23616 24046 25400 26019 26641 26674 27571 27943 27500 27921 28141 27400 27220 26309 25875 25307 26182
   81     2 16329 17426 19607 20441 22828 22084 21472 21294 21355 20876 22076 22548 22874 23175 23882 23654 24235 24292 24383 24760 25126 26008 26877 27405 27910 28507 29355 29754 29288 29813 29819 28924 29334 28250 27417 27076 27705
   82     1 11160 12994 14297 16137 16713 19060 18506 18430 18145 18205 18054 18820 19031 19402 20009 20576 20584 21165 21660 21783 22145 22693 23122 24441 25055 25670 25720 26602 26979 26567 26991 27220 26519 26360 25493 25086 24549
   82     2 13808 15672 16738 18847 19663 21975 21274 20699 20542 20614 20166 21339 21808 22138 22443 23142 22934 23511 23580 23682 24061 24430 25301 26160 26688 27192 27788 28628 29031 28590 29116 29134 28273 28685 27637 26833 26511
   83     1 10812 10451 12183 13419 15163 15721 17948 17444 17390 17139 17212 17086 17828 18046 18415 19007 19563 19589 20159 20647 20782 21144 21685 22113 23392 23998 24606 24671 25536 25916 25538 25963 26201 25544 25407 24587 24210
   83     2 13587 13161 14951 15982 18011 18807 21036 20382 19847 19712 19796 19380 20523 20990 21323 21632 22321 22136 22708 22789 22902 23283 23655 24513 25361 25887 26392 26985 27816 28223 27809 28335 28367 27542 27958 26949 26178
   84     1  9535 10026  9704 11326 12490 14130 14668 16765 16313 16281 16063 16150 16049 16763 16985 17350 17926 18469 18511 19067 19548 19693 20055 20586 21010 22245 22840 23438 23520 24363 24745 24404 24829 25075 24464 24351 23581
   84     2 12520 12868 12477 14188 15181 17126 17899 20038 19433 18940 18827 18924 18541 19651 20114 20449 20762 21439 21277 21843 21937 22061 22444 22817 23661 24495 25019 25523 26113 26934 27344 26958 27484 27531 26745 27164 26198
   85     1  8298  8742  9205  8922 10428 11515 13045 13559 15518 15118 15107 14924 15022 14946 15630 15854 16213 16770 17297 17355 17896 18366 18521 18881 19399 19819 21003 21586 22171 22269 23088 23471 23168 23591 23845 23283 23194
   85     2 11387 11767 12107 11752 13378 14330 16181 16929 18972 18416 17966 17876 17985 17638 18710 19168 19503 19818 20482 20344 20902 21008 21144 21527 21901 22728 23546 24067 24569 25154 25961 26374 26019 26544 26606 25862 26282
   86     1  7078  7512  7927  8360  8115  9499 10505 11918 12406 14219 13872 13881 13731 13840 13788 14437 14664 15015 15550 16057 16130 16653 17110 17274 17629 18134 18546 19675 20242 20813 20926 21717 22099 21834 22254 22515 22005
   86     2 10000 10600 10967 11298 10979 12513 13418 15169 15888 17824 17321 16915 16848 16967 16656 17686 18137 18471 18788 19434 19320 19868 19987 20133 20514 20889 21695 22494 23009 23507 24085 24877 25291 24968 25489 25567 24869
   87     1  5960  6320  6720  7103  7504  7297  8555  9477 10769 11228 12888 12594 12621 12503 12621 12592 13204 13430 13770 14280 14766 14853 15353 15795 15967 16315 16802 17204 18274 18822 19375 19502 20262 20640 20415 20830 21096
   87     2  8926  9204  9769 10121 10440 10159 11592 12447 14088 14773 16593 16143 15784 15738 15867 15594 16575 17015 17348 17663 18289 18200 18733 18864 19019 19398 19770 20551 21326 21834 22326 22893 23666 24079 23791 24307 24399
   88     1  4891  5237  5564  5927  6278  6644  6473  7603  8438  9605 10031 11535 11290 11333 11246 11370 11362 11933 12155 12482 12964 13425 13523 13999 14422 14599 14938 15404 15794 16798 17324 17855 17994 18718 19091 18905 19312
   88     2  7775  8114  8379  8907  9240  9545  9301 10627 11426 12950 13597 15291 14895 14581 14557 14694 14458 15386 15812 16139 16450 17052 16987 17504 17644 17808 18181 18548 19299 20047 20544 21026 21580 22329 22739 22486 22994
   89     1  4095  4230  4538  4832  5158  5474  5805  5666  6669  7415  8457  8849 10193  9995 10052  9991 10119 10129 10656 10873 11183 11633 12066 12173 12621 13022 13201 13527 13970 14344 15277 15777 16283 16432 17116 17480 17332
   89     2  6849  6960  7275  7525  8011  8323  8611  8403  9616 10353 11750 12355 13914 13572 13304 13299 13442 13242 14110 14520 14838 15142 15715 15674 16169 16317 16487 16851 17210 17927 18641 19123 19592 20129 20848 21252 21036
   90     1  3371  3459  3581  3851  4110  4397  4677  4971  4862  5735  6390  7302  7656  8838  8683  8749  8713  8842  8867  9345  9553  9843 10258 10658 10771 11186 11561 11740 12049 12464 12817 13672 14142 14617 14773 15411 15761
   90     2  6105  6023  6132  6420  6651  7093  7382  7649  7476  8569  9240 10503 11060 12474 12186 11962 11975 12121 11957 12759 13146 13453 13747 14285 14266 14735 14889 15062 15413 15760 16436 17111 17574 18025 18540 19223 19617
   91     1  3012  2783  2863  2971  3203  3427  3675  3918  4174  4092  4838  5402  6188  6502  7521  7405  7477  7462  7587  7624  8051  8246  8514  8889  9253  9369  9747 10092 10266 10556 10938 11268 12039 12473 12914 13073 13659
   91     2  5546  5267  5206  5309  5569  5780  6174  6437  6682  6542  7510  8112  9235  9741 11004 10766 10585 10612 10757 10628 11357 11719 12009 12289 12788 12789 13227 13383 13557 13891 14222 14851 15481 15919 16348 16835 17477
   92     1  2222  2425  2247  2318  2412  2607  2796  3006  3212  3431  3372  3995  4472  5134  5407  6269  6186  6260  6261  6380  6425  6799  6978  7219  7553  7878  7993  8332  8643  8809  9075  9421  9723 10407 10802 11204 11362
   92     2  4749  4682  4456  4413  4509  4738  4927  5272  5507  5726  5616  6459  6988  7970  8421  9528  9337  9195  9234  9375  9277  9929 10261 10531 10793 11248 11265 11668 11823 11993 12306 12617 13193 13771 14180 14581 15035
   93     1  1771  1741  1905  1770  1831  1910  2070  2226  2400  2571  2753  2713  3223  3616  4162  4394  5106  5051  5123  5136  5245  5294  5615  5776  5988  6278  6562  6672  6970  7245  7399  7637  7944  8215  8811  9162  9521
   93     2  3896  3914  3867  3687  3659  3745  3944  4109  4405  4610  4802  4719  5437  5893  6733  7127  8078  7930  7823  7869  8003  7933  8504  8803  9049  9288  9695  9725 10089 10238 10401 10689 10975 11493 12013 12388 12756
   94     1  1281  1346  1327  1456  1357  1408  1473  1601  1726  1866  2005  2152  2126  2532  2849  3287  3479  4053  4019  4086  4106  4204  4253  4522  4662  4844  5091  5333  5434  5689  5926  6065  6274  6540  6777  7283  7589
   94     2  3002  3126  3147  3116  2977  2960  3037  3204  3345  3593  3767  3932  3871  4469  4853  5555  5890  6689  6578  6501  6551  6674  6627  7116  7379  7598  7812  8168  8206  8527  8667  8820  9077  9335  9791 10250 10585
   95     1   927   942   993   982  1081  1010  1051  1103  1202  1300  1409  1518  1634  1619  1933  2181  2522  2677  3127  3108  3169  3192  3276  3323  3541  3659  3812  4015  4216  4306  4518  4717  4839  5016  5240  5442  5861
   95     2  2351  2339  2441  2463  2444  2340  2331  2397  2534  2650  2853  2997  3135  3092  3576  3891  4463  4741  5394  5315  5262  5312  5422  5393  5802  6027  6216  6403  6706  6749  7025  7152  7290  7515  7741  8132  8527
   96     1   622   658   671   710   704   777   729   760   800   875   948  1031  1114  1202  1195  1430  1618  1877  1997  2339  2331  2382  2406  2476  2517  2689  2786  2909  3072  3234  3310  3482  3644  3747  3893  4076  4242
   96     2  1727  1774  1769  1850  1871  1860  1785  1782  1836  1945  2039  2199  2315  2426  2398  2779  3029  3481  3705  4223  4169  4136  4183  4277  4262  4594  4780  4940  5097  5348  5392  5622  5733  5854  6045  6238  6564
   97     1   459   426   452   462   490   488   540   508   531   561   615   669   729   790   855   852  1023  1160  1350  1440  1691  1690  1732  1754  1809  1844  1975  2052  2148  2273  2399  2462  2596  2723  2806  2923  3067
   97     2  1288  1259  1296  1295  1358  1376  1371  1318  1319  1362  1445  1518  1641  1731  1818  1800  2090  2283  2629  2804  3202  3167  3147  3189  3267  3262  3522  3672  3802  3930  4130  4171  4357  4452  4553  4710  4868
   98     1   324   302   281   299   307   327   326   362   341   358   379   417   455   497   540   587   586   706   803   936  1002  1179  1182  1214  1233  1275  1303  1399  1457  1529  1623  1717  1766  1867  1963  2028  2117
   98     2   938   905   886   914   916   962   977   975   940   942   974  1037  1091  1182  1249  1314  1304  1517  1660  1915  2047  2342  2321  2311  2346  2408  2408  2605  2721  2822  2922  3077  3113  3258  3334  3416  3540
   99     1   184   205   191   179   191   196   210   210   234   221   233   247   272   298   327   356   387   388   468   534   625   670   791   795   819   834   865   886   954   996  1047  1114  1182  1219  1291  1361  1410
   99     2   697   633   612   601   621   623   656   667   668   645   648   671   715   754   819   867   914   909  1059  1161  1342  1437  1647  1635  1631  1659  1706  1709  1852  1938  2014  2089  2203  2233  2341  2400  2463