 0 1 26291 26172 25717 26276 25601 25628 26175 26923 27394 29332 30325 31120 31170 31055 30500 30842 30940 31403 30668 29852 30485 30388 29042 28427 29076 29272 29165 30077 30054 31239 31928 31573 31136 31026 30330 30544 30545 30650 29337 28556 28208 27129 28886 27761 27902 28057 28373 28679 28977 29240 29489 29744 30008 30313 30617 30927 31250 31398 31364 31319 31254 31161 31034 30870 30679 30462 30225 29975 29725 29486 29266
 0 2 24930 24613 24808 24722 24080 24416 24799 25363 26488 27948 28733 29570 29452 28932 29106 29053 29263 29432 29027 28430 28887 28805 27665 27193 27523 27815 27808 28654 28571 29434 30136 30079 29330 29504 29005 28839 28851 28685 27628 26835 26619 26005 27572 26288 26421 26568 26866 27155 27438 27687 27922 28164 28413 28701 28990 29283 29588 29729 29696 29653 29591 29503 29383 29228 29046 28841 28616 28380 28143 27916 27708
 1 1 26478 26358 26303 25780 26333 25744 25768 26230 27091 27531 29434 30387 31234 31410 31308 30630 30953 31078 31558 30910 30134 30655 30549 29269 28641 29346 29535 29507 30519 30466 31697 32375 32004 31653 31532 30674 30896 30862 31029 29649 28847 28422 27378 28308 28048 28192 28348 28665 28970 29267 29529 29778 30031 30293 30597 30899 31208 31529 31678 31644 31601 31537 31447 31321 31160 30971 30757 30522 30274 30027 29789
 1 2 25137 25073 24763 24997 24816 24203 24606 24907 25552 26634 27988 28822 29720 29659 29180 29259 29255 29402 29680 29299 28745 29090 29039 28025 27618 28066 28221 28197 29022 29004 29865 30586 30517 29776 29908 29423 29195 29138 29038 27901 27165 26803 26296 26804 26558 26693 26842 27141 27430 27711 27959 28194 28434 28682 28969 29256 29548 29852 29992 29961 29920 29859 29773 29654 29502 29323 29120 28897 28663 28428 28203
 2 1 26082 26546 26427 26379 25892 26434 25831 25826 26395 27267 27599 29520 30496 31399 31620 31432 30723 31040 31261 31722 31151 30257 30760 30673 29417 28793 29504 29732 29799 30875 30815 32053 32765 32432 32035 31840 30827 31108 31115 31187 29823 28947 28560 28567 28457 28205 28350 28509 28825 29130 29426 29687 29935 30187 30448 30749 31050 31357 31677 31825 31793 31751 31689 31600 31477 31318 31131 30919 30686 30440 30194
 2 2 24832 25201 25192 24863 25081 24906 24282 24680 25034 25668 26670 28014 28909 29858 29884 29299 29402 29366 29567 29929 29548 28891 29193 29290 28195 27823 28361 28510 28592 29375 29333 30213 30948 30995 30149 30243 29631 29464 29367 29160 28058 27195 26990 27058 26953 26714 26851 27001 27300 27589 27869 28116 28351 28590 28836 29122 29406 29697 30000 30140 30109 30070 30011 29926 29809 29659 29482 29281 29060 28827 28595
 3 1 27316 26106 26601 26497 26435 25953 26518 25919 25923 26471 27295 27635 29608 30600 31540 31723 31498 30791 31147 31361 31893 31181 30319 30859 30750 29490 28894 29656 29980 30030 31161 31118 32369 33101 32758 32289 32053 31024 31261 31157 31261 29825 29032 28732 28673 28563 28316 28464 28624 28941 29245 29540 29801 30048 30300 30559 30859 31158 31464 31782 31930 31899 31858 31798 31710 31589 31431 31246 31036 30805 30561
 3 2 26160 24864 25252 25240 24918 25139 24967 24348 24824 25147 25714 26684 28098 29002 30039 29972 29392 29482 29454 29665 30121 29589 28937 29331 29353 28283 27899 28449 28715 28859 29645 29648 30441 31342 31228 30383 30416 29783 29650 29452 29261 28108 27261 27120 27156 27051 26817 26956 27108 27407 27695 27974 28221 28454 28692 28938 29221 29505 29794 30095 30235 30205 30167 30109 30026 29911 29762 29586 29387 29168 28937
 4 1 28708 27364 26152 26642 26548 26477 26041 26565 26010 26049 26520 27368 27702 29700 30785 31640 31798 31556 30890 31251 31595 31943 31238 30450 30897 30851 29576 29001 29878 30234 30281 31333 31389 32647 33362 32943 32399 32213 31175 31303 31274 31278 29931 29142 28780 28723 28616 28375 28525 28687 29004 29307 29602 29863 30109 30360 30618 30916 31214 31518 31835 31983 31953 31913 31854 31768 31648 31492 31309 31100 30871
 4 2 27578 26218 24944 25309 25247 24947 25197 25038 24465 24920 25175 25741 26756 28222 29143 30076 30068 29499 29545 29544 29828 30155 29619 29077 29419 29407 28420 28002 28673 28944 29067 29848 29868 30739 31605 31420 30582 30566 29979 29663 29547 29248 28134 27449 27169 27207 27105 26876 27018 27171 27470 27757 28036 28282 28515 28752 28997 29278 29560 29848 30148 30287 30259 30221 30165 30083 29969 29821 29647 29450 29232
 5 1 30360 28749 27414 26228 26681 26594 26509 26076 26629 26126 26086 26554 27440 27814 29850 30850 31694 31808 31636 30959 31426 31630 32008 31376 30510 30997 30953 29728 29149 30111 30518 30519 31598 31671 32859 33554 33159 32536 32345 31242 31375 31274 31337 30017 29186 28832 28777 28673 28438 28590 28753 29070 29373 29668 29928 30174 30424 30681 30977 31273 31576 31892 32039 32010 31972 31914 31829 31710 31556 31374 31167
 5 2 29502 27643 26254 24999 25361 25303 24976 25237 25111 24553 24912 25233 25838 26841 28377 29223 30159 30110 29574 29644 29726 29874 30194 29760 29157 29483 29479 28536 28212 28880 29151 29231 30073 30128 30973 31802 31567 30743 30677 30034 29721 29530 29316 28224 27477 27205 27245 27146 26923 27067 27221 27520 27807 28086 28331 28564 28800 29044 29324 29604 29890 30189 30329 30301 30264 30209 30128 30016 29870 29697 29501
 6 1 31535 30402 28797 27456 26256 26710 26631 26568 26165 26714 26145 26126 26599 27538 27969 29910 30872 31706 31898 31735 31138 31493 31688 32156 31488 30579 31138 31075 29914 29349 30289 30703 30681 31789 31906 33018 33716 33356 32655 32372 31274 31350 31269 31391 30035 29212 28865 28813 28711 28483 28637 28801 29118 29421 29715 29975 30221 30470 30726 31021 31315 31617 31932 32079 32051 32013 31956 31872 31755 31602 31421
 6 2 29850 29512 27706 26261 25014 25379 25321 25009 25336 25166 24573 24948 25271 25938 27011 28418 29268 30194 30148 29620 29797 29751 29890 30329 29836 29217 29573 29588 28691 28436 29061 29326 29439 30319 30340 31153 31963 31683 30893 30713 30118 29686 29528 29383 28252 27513 27247 27289 27192 26975 27121 27276 27575 27862 28140 28386 28618 28854 29096 29375 29654 29939 30236 30376 30349 30313 30259 30179 30068 29923 29751
 7 1 32932 31604 30448 28846 27489 26266 26743 26672 26647 26278 26742 26169 26183 26725 27671 28027 29940 30894 31800 32005 31890 31173 31542 31843 32261 31598 30705 31267 31258 30152 29573 30447 30917 30886 31972 32086 33240 33931 33470 32712 32462 31288 31410 31387 31407 30052 29235 28893 28843 28744 28521 28677 28842 29159 29463 29756 30016 30261 30509 30765 31058 31352 31652 31965 32112 32085 32048 31991 31909 31792 31641
 7 2 31415 29885 29585 27746 26295 25048 25409 25361 25101 25438 25238 24632 25038 25360 26044 27064 28447 29287 30252 30233 29779 29812 29788 30053 30427 29909 29358 29682 29773 28892 28598 29245 29516 29637 30509 30506 31318 32158 31870 30910 30789 30159 29782 29659 29395 28267 27534 27272 27317 27223 27011 27158 27314 27614 27901 28179 28424 28656 28891 29133 29410 29687 29972 30268 30407 30381 30346 30292 30213 30103 29959
 8 1 33465 32959 31667 30474 28854 27509 26300 26804 26736 26712 26325 26796 26244 26292 26857 27755 28080 29973 30957 31870 32192 31955 31223 31698 31943 32343 31732 30835 31440 31447 30352 29777 30604 31126 31115 32160 32282 33435 34092 33540 32834 32493 31345 31506 31425 31444 30089 29277 28939 28890 28795 28576 28734 28900 29217 29520 29814 30073 30318 30565 30820 31112 31404 31704 32016 32163 32136 32099 32043 31961 31846
 8 2 32100 31443 29910 29604 27765 26342 25086 25422 25454 25172 25463 25255 24702 25119 25486 26066 27116 28489 29360 30326 30356 29832 29873 29944 30147 30525 30040 29505 29833 29993 29081 28758 29406 29703 29825 30655 30710 31560 32289 31964 31047 30825 30198 29850 29692 29428 28301 27571 27314 27360 27270 27062 27211 27368 27668 27954 28232 28477 28708 28943 29184 29460 29736 30020 30315 30454 30428 30393 30340 30262 30152
 9 1 33239 33503 32993 31740 30501 28856 27545 26340 26873 26799 26781 26365 26846 26328 26429 26908 27793 28098 30027 31049 32038 32218 32005 31345 31790 32065 32495 31853 31025 31621 31684 30506 29925 30829 31313 31290 32344 32491 33634 34217 33634 32878 32568 31438 31555 31469 31488 30132 29324 28990 28943 28850 28636 28794 28961 29278 29581 29874 30133 30377 30625 30879 31169 31461 31759 32071 32217 32190 32154 32099 32017
 9 2 31517 32117 31491 29946 29665 27803 26362 25104 25466 25507 25234 25495 25323 24782 25229 25550 26102 27152 28587 29449 30482 30410 29878 30021 30055 30222 30635 30125 29666 30056 30166 29267 28910 29614 29938 30011 30882 30918 31747 32349 32041 31090 30921 30256 29898 29737 29471 28345 27618 27364 27412 27324 27120 27270 27427 27727 28014 28291 28535 28766 29000 29241 29516 29791 30074 30368 30506 30481 30446 30394 30316
10 1 34729 33275 33554 33019 31748 30508 28887 27582 26402 26946 26825 26800 26425 26908 26446 26493 26926 27833 28174 30127 31238 32084 32255 32197 31424 31881 32204 32617 32067 31243 31845 31859 30657 30117 31032 31497 31540 32587 32702 33752 34323 33674 32978 32636 31509 31620 31531 31549 30192 29389 29057 29011 28920 28709 28868 29036 29353 29655 29948 30206 30450 30697 30951 31240 31531 31828 32138 32284 32257 32222 32166
10 2 33019 31538 32170 31519 29972 29678 27824 26389 25171 25519 25552 25266 25535 25405 24900 25308 25600 26123 27203 28647 29606 30527 30475 30080 30111 30140 30358 30769 30297 29876 30251 30354 29451 29066 29774 30085 30248 31083 31099 31875 32507 32075 31150 30958 30316 29959 29794 29525 28400 27677 27426 27475 27389 27188 27339 27497 27797 28083 28359 28604 28834 29068 29308 29582 29856 30138 30431 30569 30543 30509 30457
11 1 34555 34745 33314 33583 33066 31756 30541 28928 27629 26450 26978 26850 26866 26505 27015 26510 26532 26975 27891 28275 30284 31304 32158 32411 32310 31531 31994 32311 32778 32285 31461 32062 32039 30825 30339 31219 31726 31748 32819 32858 33903 34378 33803 33029 32706 31584 31691 31598 31614 30258 29458 29129 29084 28995 28786 28946 29114 29431 29733 30025 30283 30526 30773 31026 31314 31604 31900 32209 32355 32328 32292
11 2 32726 33044 31580 32208 31562 29978 29720 27866 26427 25233 25562 25598 25294 25610 25532 24943 25364 25629 26173 27264 28796 29623 30582 30619 30187 30194 30271 30463 30958 30535 30064 30431 30533 29618 29263 29944 30309 30456 31252 31203 32008 32555 32175 31219 31022 30380 30023 29854 29584 28460 27739 27491 27541 27456 27258 27409 27568 27867 28153 28429 28673 28904 29137 29376 29649 29923 30203 30496 30633 30608 30574
12 1 33873 34594 34772 33353 33594 33084 31793 30582 29011 27674 26489 27032 26918 26922 26596 27076 26549 26583 27045 27956 28431 30324 31346 32326 32513 32384 31649 32127 32518 32966 32488 31659 32271 32256 30954 30498 31420 31954 31939 32986 32987 34036 34472 33828 33101 32777 31660 31762 31667 31683 30327 29531 29204 29160 29072 28865 29026 29194 29511 29812 30104 30362 30605 30851 31103 31391 31679 31975 32284 32428 32402
12 2 32284 32733 33069 31601 32203 31554 30004 29742 27906 26470 25256 25613 25622 25379 25709 25568 24965 25395 25683 26259 27419 28864 29702 30740 30700 30268 30303 30385 30624 31159 30733 30244 30572 30724 29797 29456 30140 30541 30618 31367 31319 32086 32635 32223 31285 31091 30449 30092 29921 29650 28527 27809 27564 27614 27530 27335 27486 27645 27944 28229 28505 28749 28979 29211 29450 29722 29995 30275 30567 30704 30678
13 1 34203 33906 34625 34790 33355 33589 33130 31806 30624 29061 27724 26528 27067 26964 27057 26642 27112 26573 26614 27113 28120 28474 30387 31495 32417 32627 32497 31802 32279 32735 33186 32681 31838 32502 32449 31158 30748 31744 32201 32088 33146 33056 34175 34546 33919 33196 32872 31757 31855 31759 31774 30419 29625 29301 29257 29170 28965 29126 29295 29611 29912 30203 30460 30703 30949 31200 31487 31775 32070 32377 32521
13 2 32162 32298 32778 33090 31632 32211 31586 30042 29775 27951 26485 25293 25647 25661 25506 25761 25610 24991 25420 25749 26434 27484 28885 29809 30829 30791 30374 30423 30545 30804 31338 30897 30397 30756 30933 29964 29656 30325 30677 30750 31494 31406 32196 32690 32287 31351 31159 30517 30160 29987 29715 28594 27877 27634 27685 27602 27408 27560 27719 28018 28303 28578 28822 29052 29283 29522 29793 30065 30344 30635 30772
14 1 33775 34235 33939 34645 34837 33386 33641 33168 31844 30676 29121 27758 26570 27107 27031 27109 26655 27139 26617 26681 27281 28182 28536 30535 31609 32486 32743 32591 31969 32461 32975 33395 32901 32044 32697 32639 31454 31124 31935 32377 32229 33228 33199 34162 34653 34024 33304 32978 31866 31962 31864 31879 30524 29733 29410 29367 29280 29077 29239 29407 29723 30024 30314 30571 30814 31059 31310 31595 31882 32176 32483
14 2 31734 32186 32315 32807 33120 31656 32213 31616 30102 29815 27968 26541 25347 25691 25743 25568 25773 25636 25063 25484 25897 26463 27524 28997 29933 30932 30927 30464 30578 30755 30983 31522 31080 30559 30945 31100 30138 29844 30441 30786 30853 31564 31490 32191 32753 32350 31416 31226 30583 30227 30053 29780 28661 27946 27705 27756 27674 27481 27634 27793 28091 28376 28651 28894 29124 29355 29593 29863 30135 30413 30703
15 1 33530 33809 34265 33968 34639 34854 33392 33719 33217 31896 30746 29178 27818 26610 27215 27100 27150 26702 27214 26712 26818 27361 28279 28712 30656 31694 32617 32858 32747 32165 32702 33202 33590 33137 32289 32904 32969 31993 31326 32092 32521 32323 33389 33291 34294 34782 34152 33435 33107 31997 32090 31991 32006 30653 29864 29542 29499 29413 29212 29373 29542 29857 30158 30448 30704 30946 31190 31441 31726 32012 32305
15 2 31359 31772 32223 32319 32824 33129 31685 32265 31676 30136 29851 27995 26587 25415 25783 25827 25592 25801 25671 25127 25623 25925 26517 27654 29081 30014 31045 31025 30605 30744 30915 31113 31682 31266 30727 31121 31319 30322 30028 30554 30887 30933 31695 31512 32257 32818 32415 31481 31293 30651 30295 30120 29847 28729 28016 27776 27828 27747 27556 27708 27867 28166 28450 28725 28967 29197 29428 29665 29935 30206 30483
16 1 31931 33560 33843 34308 34018 34690 34879 33446 33785 33223 31921 30789 29246 27882 26747 27248 27143 27203 26771 27314 26901 26910 27460 28437 28875 30802 31807 32743 33037 32974 32486 33033 33438 33870 33426 32680 33353 33697 32283 31517 32300 32644 32486 33556 33497 34498 34983 34351 33636 33306 32199 32290 32189 32204 30851 30064 29744 29701 29616 29415 29577 29745 30060 30360 30649 30905 31147 31390 31640 31924 32209
16 2 30750 31400 31829 32231 32368 32862 33171 31739 32308 31738 30166 29897 28048 26653 25552 25832 25904 25659 25883 25766 25276 25707 25993 26662 27760 29236 30139 31182 31173 30781 30945 31100 31335 31921 31498 30975 31399 31573 30523 30214 30722 30962 31083 31734 31627 32368 32927 32524 31592 31405 30762 30407 30231 29957 28841 28129 27892 27943 27862 27672 27825 27984 28282 28566 28840 29083 29311 29542 29778 30047 30317
17 1 31456 31951 33583 33875 34311 34019 34711 34958 33559 33823 33269 31989 30887 29319 28023 26810 27329 27228 27286 26891 27552 27102 27089 27722 28621 29082 30961 31950 32962 33246 33450 33067 33341 33743 34216 33826 33174 34142 34141 32501 31684 32411 32807 32774 33820 33756 34754 35235 34601 33887 33556 32451 32539 32438 32452 31101 30316 29996 29954 29868 29669 29830 29998 30312 30611 30900 31155 31396 31638 31886 32169
17 2 29909 30833 31508 31876 32333 32434 32960 33290 31874 32424 31819 30281 30018 28155 26840 25711 25957 26061 25792 26051 25957 25421 25851 26196 26797 27887 29348 30314 31378 31355 30933 31150 31264 31576 32160 31705 31233 31614 31772 30672 30367 30826 31076 31107 31823 31713 32451 33007 32604 31673 31487 30845 30490 30313 30040 28926 28216 27980 28032 27951 27763 27915 28074 28372 28656 28929 29171 29399 29629 29865 30133
18 1 31623 31496 31985 33578 33907 34352 34076 34778 35110 33572 33717 33291 32083 30990 29449 28085 26878 27411 27321 27415 27082 27745 27258 27308 27916 28776 29205 31074 32117 33175 33629 33839 33369 33593 34039 34478 34106 33659 34544 34379 32696 31829 32603 33071 32959 34000 33933 34927 35406 34772 34060 33728 32625 32712 32610 32625 31276 30492 30174 30132 30047 29848 30010 30178 30492 30791 31079 31333 31573 31815 32063
18 2 29901 29998 30944 31561 31973 32399 32582 33125 33441 32032 32391 31883 30436 30134 28372 26953 25846 26099 26152 25957 26211 26128 25577 26041 26377 26928 28031 29513 30457 31579 31562 31155 31359 31499 31802 32391 31933 31480 31840 31982 30861 30518 31014 31159 31198 31909 31799 32531 33085 32683 31754 31570 30928 30574 30398 30125 29014 28307 28072 28124 28045 27857 28010 28169 28466 28749 29022 29264 29491 29720 29955
19 1 31151 31632 31553 32032 33606 33924 34414 34111 35015 35227 33324 33698 33378 32134 31070 29488 28112 26879 27424 27435 27563 27159 27794 27411 27428 28001 28844 29290 31272 32401 33481 33983 34090 33695 33858 34340 34759 34469 33881 34676 34517 32820 31960 32785 33222 33108 34144 34074 35065 35542 34907 34198 33866 32766 32851 32748 32762 31415 30634 30317 30275 30191 29993 30155 30323 30636 30934 31221 31475 31714 31955
19 2 29785 29944 30053 30989 31665 32078 32566 32736 33314 33563 31853 32401 31923 30478 30223 28405 27024 25927 26299 26552 26407 26502 26385 25937 26309 26623 27178 28321 29821 30794 31929 31982 31522 31769 31790 32086 32579 32071 31621 31912 32067 30933 30634 31038 31303 31336 32043 31932 32658 33208 32806 31880 31697 31056 30702 30525 30252 29145 28440 28207 28259 28179 27993 28145 28304 28599 28881 29152 29392 29618 29846
20 1 31905 31195 31684 31609 32061 33600 33977 34510 34415 35160 35107 33381 33869 33466 32226 31083 29529 28159 26956 27574 27640 27663 27202 27892 27563 27536 28111 29001 29609 31565 32626 33873 34358 34549 34010 34208 34662 35210 34712 34048 34794 34476 32967 32158 32971 33403 33286 34315 34243 35230 35703 35067 34360 34027 32930 33013 32909 32922 31578 30799 30483 30440 30356 30159 30320 30487 30800 31096 31382 31635 31873
20 2 30145 29821 30036 30115 31048 31704 32123 32712 32872 33436 33373 31886 32531 32084 30660 30397 28581 27151 26124 26572 26731 26484 26612 26617 26098 26516 26852 27371 28630 30176 31166 32490 32401 32002 32026 32186 32302 32828 32253 31815 32019 32088 31080 30803 31242 31501 31529 32230 32115 32833 33378 32976 32053 31871 31230 30877 30700 30426 29323 28622 28389 28440 28361 28175 28327 28484 28778 29057 29327 29565 29789
21 1 31548 31920 31255 31690 31579 32043 33663 34036 34844 34532 34974 35130 33541 33959 33526 32214 31073 29493 28210 27128 27759 27780 27721 27322 28039 27628 27636 28267 29364 30003 31900 33163 34366 34817 34981 34530 34618 35210 35477 34896 34159 34855 34715 33214 32394 33195 33622 33500 34522 34446 35428 35897 35260 34555 34221 33127 33208 33102 33114 31773 30996 30681 30638 30553 30357 30517 30683 30993 31288 31572 31823
21 2 30222 30176 29877 30112 30112 31040 31753 32227 32794 32963 33189 33397 32047 32666 32227 30746 30474 28682 27261 26404 26788 26852 26637 26859 26840 26252 26716 27055 27757 29104 30711 31847 33083 32905 32448 32539 32534 32593 33054 32531 32005 32081 32302 31418 31040 31468 31722 31744 32436 32319 33028 33567 33165 32245 32064 31425 31072 30895 30621 29523 28825 28594 28645 28565 28380 28530 28686 28977 29255 29521 29757
22 1 31414 31553 31966 31329 31701 31600 32089 33726 34350 35036 34256 34982 35253 33646 34038 33535 32227 31095 29620 28363 27345 27947 27852 27893 27381 28104 27785 27902 28819 29946 30359 32555 33914 34977 35379 35478 34968 35134 35461 35746 35129 34261 34965 35108 33478 32656 33445 33864 33737 34752 34671 35648 36112 35473 34770 34436 33346 33425 33317 33328 31991 31215 30901 30858 30773 30576 30735 30899 31208 31501 31782
22 2 30138 30233 30256 29943 30114 30125 31117 31867 32399 32916 32863 33265 33539 32184 32888 32399 30807 30577 28847 27514 26587 26962 27038 26970 27091 27098 26555 27034 27533 28348 29765 31526 32603 33787 33535 33004 32869 32912 32920 33458 32688 32099 32366 32754 31709 31320 31740 31986 32001 32685 32564 33264 33796 33394 32478 32298 31660 31308 31130 30856 29764 29070 28839 28889 28809 28625 28773 28927 29215 29490 29753
23 1 31868 31437 31641 32030 31347 31697 31681 32227 34219 34703 34855 34262 35221 35400 33804 34103 33589 32286 31195 29833 28600 27547 28082 28080 28049 27518 28328 28152 28566 29505 30522 31160 33452 34734 35712 36047 36011 35448 35459 35789 36127 35275 34693 35525 35447 33815 32991 33767 34178 34047 35052 34968 35937 36396 35757 35056 34721 33634 33711 33601 33611 32278 31505 31190 31146 31060 30864 31020 31183 31488 31778
23 2 30775 30195 30294 30321 29969 30149 30245 31251 32089 32517 32833 32876 33409 33750 32411 33052 32569 30998 30758 29133 27835 26753 27176 27423 27226 27450 27509 27000 27619 28267 29126 30723 32440 33443 34511 34230 33535 33339 33310 33285 33822 32860 32474 32883 33125 32070 31675 32084 32322 32330 33003 32880 33569 34093 33692 32780 32599 31962 31611 31432 31158 30071 29381 29151 29200 29119 28935 29081 29233 29518 29789
24 1 31746 31934 31548 31720 32081 31314 31843 31873 32712 34538 34573 34912 34472 35391 35521 33885 34158 33655 32394 31467 30083 28895 27662 28295 28195 28269 27728 28742 28961 29375 30195 31502 32262 34412 35531 36557 36560 36557 35870 35857 36264 36314 35865 35085 35941 35849 34215 33388 34153 34556 34421 35416 35326 36288 36742 36103 35405 35069 33985 34059 33948 33956 32627 31856 31542 31497 31409 31212 31366 31526 31829
24 2 30167 30795 30270 30436 30362 30053 30199 30402 31453 32246 32506 32856 33020 33625 33964 32608 33142 32659 31221 31028 29364 28053 27021 27562 27716 27535 27788 27973 27717 28447 29144 30177 31716 33421 34295 35298 34775 34071 33854 33806 33822 34112 33483 33035 33337 33555 32496 32091 32489 32720 32721 33385 33257 33937 34455 34054 33144 32964 32328 31977 31797 31523 30442 29755 29527 29574 29493 29309 29453 29602 29883
25 1 31065 31787 32064 31651 31762 32094 31428 32003 32381 33039 34465 34602 35136 34635 35564 35592 33946 34228 33804 32644 31733 30371 29050 27879 28506 28359 28564 28257 29640 29912 30233 31179 32779 33416 35358 36480 37225 37175 37119 36328 36383 36548 36974 36214 35580 36410 36305 34669 33842 34595 34989 34848 35833 35738 36694 37143 36503 35807 35471 34391 34462 34349 34356 33031 32262 31948 31901 31812 31614 31765 31923
25 2 29965 30204 30905 30318 30477 30424 30157 30353 30613 31596 32246 32543 33011 33208 33835 34117 32759 33310 32884 31514 31292 29639 28309 27454 27789 28079 27948 28162 28712 28672 29452 30242 31291 32886 34418 35253 36051 35420 34780 34469 34470 34230 34825 33933 33567 33846 34047 32983 32570 32960 33184 33178 33833 33701 34372 34882 34481 33574 33393 32758 32407 32226 31952 30876 30193 29965 30011 29929 29746 29887 30034
26 1 31419 31130 31851 32132 31721 31782 32213 31594 32399 32748 33024 34394 34825 35317 34809 35627 35664 34002 34407 34090 32877 32100 30481 29290 28078 28739 28661 29163 29277 30719 30830 31267 32398 34031 34376 36411 37317 37874 37746 37618 36912 36773 37227 37294 36723 36075 36880 36763 35131 34302 35042 35428 35282 36256 36158 37107 37552 36911 36218 35880 34804 34873 34758 34763 33442 32675 32360 32312 32221 32022 32171
26 2 30065 30009 30319 30965 30350 30523 30546 30284 30577 30765 31625 32318 32652 33204 33378 33965 34240 32934 33531 33176 31813 31507 29867 28751 27758 28117 28523 28437 29047 29660 29658 30561 31328 32444 33833 35415 35952 36683 36003 35357 35143 34904 34970 35092 34458 34065 34329 34514 33447 33028 33410 33627 33615 34261 34126 34788 35292 34890 33985 33804 33171 32820 32637 32363 31292 30611 30384 30429 30346 30163 30302
27 1 31322 31410 31237 32008 32128 31732 31917 32375 32069 32712 32705 33066 34539 34979 35476 34861 35661 35713 34191 34671 34347 33135 32231 30692 29391 28275 29052 29244 30220 30317 31553 31894 32473 33602 35092 35343 37143 37881 38275 38224 38223 37281 37356 37456 37761 37185 36521 37304 37182 35553 34723 35451 35828 35676 36643 36542 37484 37924 37283 36593 36255 35182 35248 35132 35136 33817 33052 32738 32687 32595 32395
27 2 29579 30071 30075 30384 31021 30395 30619 30639 30438 30785 30791 31643 32427 32830 33365 33487 34062 34391 33165 33791 33433 31997 31716 30240 28996 28045 28520 29024 29270 29944 30555 30616 31534 32367 33459 34663 36145 36507 37249 36612 36110 35591 35409 35075 35552 34913 34503 34752 34924 33858 33433 33808 34020 34002 34641 34504 35158 35656 35254 34351 34170 33537 33187 33003 32728 31661 30983 30757 30800 30718 30535
28 1 30489 31359 31449 31313 31995 32167 31886 32080 32752 32401 32634 32728 33147 34750 35040 35550 34917 35742 35904 34462 34917 34653 33231 32485 30847 29605 28571 29581 30257 31316 31058 32545 33084 33596 34572 36025 35994 37689 38359 38744 38820 38541 37862 37510 37893 38185 37603 36925 37693 37565 35937 35105 35822 36192 36038 36996 36892 37829 38265 37624 36936 36598 35528 35592 35475 35477 34161 33398 33083 33031 32937
28 2 28382 29572 30111 30148 30405 31057 30481 30740 30796 30600 30803 30802 31720 32568 32985 33466 33569 34202 34564 33430 34036 33572 32151 32026 30502 29232 28446 29024 29775 30184 30732 31445 31511 32514 33333 34220 35234 36601 37028 37725 37214 36388 36142 35579 35486 35945 35305 34880 35120 35282 34216 33787 34155 34363 34341 34974 34835 35482 35974 35572 34672 34491 33859 33509 33323 33048 31984 31309 31084 31126 31043
29 1 31201 30516 31374 31512 31334 31975 32288 32006 32438 32941 32349 32582 32867 33269 34814 35107 35587 34977 35901 36073 34666 35142 34704 33503 32570 31027 29942 29145 30519 31343 32066 31964 33624 34227 34581 35515 36653 36460 38054 38696 39360 39157 39090 37925 37905 38276 38557 37968 37284 38039 37904 36277 35444 36152 36516 36359 37311 37204 38135 38567 37926 37242 36902 35837 35898 35779 35780 34467 33705 33390 33336
29 2 29179 28387 29638 30158 30202 30494 31100 30594 30930 30916 30608 30840 30900 31853 32689 33092 33557 33692 34319 34752 33713 34206 33718 32446 32254 30775 29584 28801 29640 30517 30966 31397 32170 32350 33314 33995 34793 35648 36962 37415 38288 37473 36818 36081 35923 35825 36274 35629 35195 35428 35582 34517 34085 34447 34651 34626 35254 35113 35755 36242 35841 34943 34763 34132 33782 33596 33320 32259 31587 31362 31404
30 1 31558 31185 30566 31419 31538 31363 32063 32403 32287 32609 32922 32288 32660 32966 33303 34838 35152 35580 35150 36096 36326 34926 35226 34898 33631 32783 31353 30475 30083 31480 32004 32895 32899 34725 35117 35358 36139 37026 36771 38400 39255 39661 39627 39094 38278 38257 38616 38886 38295 37606 38349 38208 36582 35750 36450 36809 36651 37595 37486 38412 38841 38200 37518 37178 36116 36175 36054 36054 34743 33983 33668
30 2 29428 29174 28414 29698 30192 30253 30515 31207 30730 31037 30898 30640 30864 31089 31983 32794 33215 33643 33815 34495 35024 33809 34311 33968 32599 32522 31054 29941 29306 30309 31121 31568 32072 32915 33014 33923 34362 35115 35955 37281 37899 38433 37787 36829 36343 36182 36087 36521 35874 35436 35663 35811 34747 34312 34670 34872 34843 35467 35325 35961 36446 36045 35149 34971 34341 33992 33805 33529 32471 31801 31577
31 1 32551 31534 31230 30595 31426 31597 31430 32140 32655 32447 32577 32855 32383 32786 33016 33339 34903 35217 35658 35338 36290 36489 35082 35390 34994 33772 33067 31762 31352 30870 32132 32667 33866 33920 35486 35841 35857 36454 37290 37094 39000 39393 40080 39561 39377 38572 38547 38895 39158 38565 37871 38603 38457 36833 36003 36696 37050 36890 37829 37718 38640 39065 38425 37746 37406 36347 36404 36281 36280 34971 34212
31 2 30086 29413 29227 28493 29733 30259 30280 30595 31309 30845 31020 30910 30699 30957 31195 32083 32881 33321 33758 33982 34750 35131 33921 34544 34088 32747 32742 31353 30412 29890 30841 31557 32085 32554 33413 33407 34271 34616 35320 36174 37654 38027 38689 37748 36992 36518 36363 36261 36686 36042 35600 35822 35964 34903 34465 34821 35019 34988 35608 35466 36098 36580 36181 35288 35111 34483 34135 33947 33671 32616 31947
32 1 33267 32534 31535 31305 30631 31439 31648 31518 32366 32780 32328 32492 32919 32493 32818 33029 33364 34946 35333 35821 35516 36410 36525 35283 35405 35148 34033 33483 32593 32174 31441 32813 33596 34747 34594 36104 36284 36176 36684 37425 37580 39267 39769 39960 39799 39621 38823 38793 39133 39392 38796 38096 38818 38668 37050 36221 36909 37259 37098 38031 37918 38837 39260 38621 37945 37604 36549 36604 36480 36478 35171
32 2 31334 30106 29424 29259 28484 29712 30311 30325 30707 31372 30818 31002 30927 30767 31068 31269 32116 32905 33404 33850 34189 34870 35206 34180 34675 34226 32959 33011 31747 30931 30282 31252 32014 32616 33035 33808 33579 34420 34818 35522 36480 37748 38146 38630 37871 37118 36659 36502 36398 36819 36177 35732 35949 36086 35028 34588 34941 35138 35104 35721 35578 36207 36687 36289 35399 35224 34598 34251 34063 33787 32734
33 1 34789 33264 32517 31609 31349 30641 31491 31725 31730 32508 32647 32234 32568 32957 32470 32794 33013 33373 35078 35426 36014 35622 36418 36628 35316 35546 35453 34397 34269 33285 32672 32098 33611 34482 35391 35190 36462 36422 36350 36912 37893 37747 39528 39729 40150 40004 39830 39031 39000 39335 39589 38991 38285 38999 38848 37234 36409 37091 37437 37276 38204 38091 39007 39428 38790 38117 37777 36725 36778 36654 36650
33 2 32604 31337 30163 29471 29272 28497 29736 30328 30406 30751 31372 30776 31030 30984 30853 31153 31310 32153 32994 33477 34013 34269 34995 35404 34310 34806 34437 33138 33342 32190 31289 30737 31675 32485 33035 33379 34106 33812 34625 34968 35879 36526 37932 38150 38731 37990 37243 36789 36633 36530 36947 36306 35858 36071 36205 35150 34708 35059 35254 35218 35832 35689 36315 36793 36396 35509 35335 34711 34365 34176 33900
34 1 31280 34778 33283 32583 31640 31332 30704 31538 31866 31790 32421 32566 32240 32609 32964 32419 32786 33008 33419 35169 35570 36131 35607 36528 36640 35395 35768 35790 35096 34974 33756 33216 32864 34396 35102 35950 35454 36571 36580 36433 37324 38050 37938 39364 39865 40299 40164 39986 39191 39161 39489 39739 39137 38428 39136 38985 37376 36553 37230 37573 37412 38336 38222 39136 39555 38919 38250 37910 36862 36914 36789
34 2 29386 32626 31352 30200 29497 29309 28544 29778 30400 30475 30786 31369 30820 31076 31092 30928 31149 31354 32222 33106 33646 34080 34334 35135 35521 34451 35013 34658 33448 33738 32620 31672 31157 32129 32876 33390 33628 34271 33998 34763 35260 35983 36689 37858 38224 38814 38090 37341 36895 36743 36641 37053 36413 35962 36174 36304 35252 34809 35157 35351 35313 35925 35782 36405 36881 36485 35600 35428 34805 34460 34270
35 1 30391 31269 34741 33313 32575 31615 31384 30744 31647 31924 31704 32315 32557 32244 32619 32967 32456 32788 33000 33534 35311 35631 36133 35717 36562 36728 35626 36106 36431 35792 35345 34207 33971 33555 34955 35569 36250 35485 36702 36697 36743 37419 38175 37880 39471 39984 40429 40294 40116 39326 39296 39618 39863 39260 38549 39252 39100 37497 36678 37350 37690 37528 38448 38334 39246 39664 39030 38364 38025 36980 37031
35 2 28186 29410 32642 31379 30218 29522 29323 28570 29824 30441 30416 30796 31404 30894 31191 31127 30992 31140 31419 32316 33258 33690 34117 34477 35219 35606 34636 35207 34966 33798 34138 32950 32019 31601 32509 33172 33727 33763 34474 34148 35043 35352 36076 36672 37923 38296 38895 38178 37430 36993 36843 36743 37149 36510 36058 36268 36395 35346 34902 35248 35440 35401 36010 35867 36487 36961 36566 35683 35512 34890 34546
36 1 26818 30365 31240 34774 33307 32565 31649 31346 30838 31731 31784 31625 32333 32615 32253 32613 32980 32447 32790 33094 33681 35308 35664 36193 35724 36637 36869 35914 36746 37014 36144 35826 34873 34571 34031 35366 35791 36388 35604 36765 37027 36777 37609 38096 37962 39557 40079 40526 40393 40218 39430 39402 39715 39957 39355 38643 39341 39188 37591 36775 37443 37780 37619 38535 38420 39331 39748 39115 38453 38114 37072
36 2 25258 28184 29428 32662 31369 30220 29542 29349 28586 29827 30422 30395 30824 31441 30974 31217 31166 31022 31193 31510 32462 33280 33749 34231 34571 35332 35759 34842 35457 35312 34121 34466 33271 32379 31933 32831 33380 33975 33945 34599 34410 35045 35455 36045 36736 37988 38368 38967 38258 37513 37085 36937 36835 37237 36601 36149 36357 36481 35435 34989 35334 35525 35485 36091 35948 36565 37038 36643 35762 35592 34971
37 1 24631 26765 30337 31260 34764 33274 32613 31626 31440 30862 31648 31652 31594 32345 32638 32233 32586 32947 32452 32822 33256 33680 35271 35760 36186 35768 36818 37154 36518 37347 37338 36500 36400 35415 34970 34398 35649 35872 36449 35618 37036 37044 36837 37458 38136 38016 39615 40137 40587 40459 40284 39500 39470 39778 40019 39418 38705 39398 39245 37654 36842 37506 37840 37680 38592 38477 39385 39802 39170 38512 38173
37 2 23468 25233 28176 29443 32661 31353 30220 29532 29366 28589 29800 30388 30382 30855 31534 31032 31272 31168 31082 31287 31651 32515 33335 33866 34347 34621 35467 35933 35065 35768 35598 34391 34768 33584 32701 32182 33046 33545 34153 34097 34780 34475 35143 35414 36087 36784 38038 38418 39018 38318 37576 37155 37008 36905 37305 36671 36218 36425 36547 35503 35057 35400 35591 35549 36154 36010 36624 37095 36701 35822 35652
38 1 21595 24597 26760 30331 31218 34765 33284 32620 31701 31469 30731 31528 31610 31606 32284 32639 32220 32551 32914 32492 32936 33286 33662 35343 35793 36241 35899 37064 37647 37031 37626 37687 37030 36874 35759 35393 34618 35696 35858 36496 35869 37051 37071 36834 37478 38163 38057 39649 40174 40630 40506 40331 39547 39517 39822 40063 39462 38748 39437 39284 37700 36891 37551 37883 37723 38632 38516 39423 39838 39208 38553
38 2 20813 23442 25271 28151 29452 32662 31352 30208 29552 29408 28531 29806 30362 30432 30917 31557 31058 31271 31242 31113 31408 31674 32534 33453 33961 34402 34749 35591 36134 35331 36031 35835 34680 35081 33853 32968 32360 33250 33707 34252 34297 34814 34574 35185 35460 36132 36835 38085 38466 39069 38378 37639 37222 37075 36973 37370 36739 36286 36492 36611 35571 35124 35466 35655 35613 36215 36071 36683 37152 36758 35881
39 1 22453 21550 24569 26741 30335 31187 34770 33276 32654 31707 31331 30609 31520 31620 31601 32272 32612 32168 32559 32952 32564 32909 33244 33690 35338 35783 36361 36111 37534 38069 37379 37917 38221 37495 37269 36102 35583 34636 35701 35890 36693 35930 37094 37080 36866 37511 38202 38099 39689 40217 40677 40557 40379 39596 39569 39871 40112 39512 38797 39481 39329 37751 36946 37602 37932 37772 38678 38562 39467 39880 39253
39 2 21411 20816 23465 25278 28136 29425 32678 31359 30226 29564 29360 28509 29797 30389 30504 30944 31577 31015 31287 31301 31184 31409 31687 32667 33533 34010 34471 34882 35790 36381 35583 36260 36102 35012 35348 34062 33121 32532 33400 33835 34425 34382 34903 34542 35224 35499 36170 36873 38121 38504 39109 38427 37688 37275 37130 37029 37424 36795 36342 36547 36664 35627 35180 35520 35709 35665 36266 36122 36731 37198 36805
40 1 21649 22412 21530 24508 26730 30308 31151 34731 33318 32658 31554 31223 30544 31481 31589 31596 32220 32556 32140 32574 32979 32614 32900 33260 33661 35371 35849 36568 36597 37965 38314 37649 38341 38622 37795 37573 36287 35592 34610 35731 36077 36703 35951 37074 37081 36876 37522 38209 38111 39701 40233 40697 40577 40398 39618 39595 39893 40135 39536 38821 39501 39350 37778 36976 37629 37957 37798 38700 38584 39487 39900
40 2 21139 21420 20810 23462 25284 28158 29431 32661 31360 30234 29518 29314 28505 29786 30436 30560 30933 31559 31056 31336 31356 31211 31425 31752 32694 33597 34092 34540 35027 36030 36579 35798 36475 36359 35218 35533 34239 33240 32701 33516 33954 34477 34466 34895 34575 35254 35530 36197 36900 38147 38533 39141 38464 37726 37318 37175 37075 37468 36841 36388 36592 36708 35673 35225 35565 35753 35708 36307 36163 36770 37236
41 1 21018 21612 22380 21533 24512 26702 30233 31107 34759 33288 32495 31443 31181 30523 31462 31564 31577 32158 32481 32093 32650 32962 32574 32884 33268 33627 35425 36054 36973 37005 38176 38575 38053 38699 38908 38059 37716 36268 35593 34544 35875 36074 36743 35902 37061 37066 36870 37509 38195 38103 39694 40229 40694 40575 40398 39622 39601 39898 40139 39542 38827 39504 39353 37787 36990 37640 37966 37807 38706 38591 39492
41 2 20534 21109 21417 20789 23443 25268 28139 29436 32663 31316 30166 29453 29322 28515 29818 30467 30519 30917 31576 31072 31399 31351 31245 31504 31770 32747 33674 34166 34678 35236 36241 36776 36047 36651 36557 35406 35739 34358 33354 32815 33625 34004 34546 34404 34926 34607 35284 35558 36223 36927 38173 38562 39170 38498 37762 37359 37218 37119 37510 36886 36433 36636 36751 35719 35271 35610 35798 35752 36350 36206 36811
42 1 20172 20970 21576 22329 21503 24479 26672 30201 31082 34727 33146 32350 31401 31134 30488 31417 31504 31494 32136 32510 32149 32629 32927 32595 32846 33244 33745 35598 36470 37345 37225 38410 38952 38375 38900 39133 38166 37717 36233 35594 34706 35837 36039 36655 35891 37042 37047 36851 37485 38172 38086 39678 40212 40679 40564 40388 39615 39597 39891 40133 39537 38822 39495 39346 37786 36992 37639 37963 37805 38701 38586
42 2 19683 20513 21115 21412 20793 23423 25249 28126 29419 32609 31288 30122 29473 29340 28566 29853 30464 30523 30937 31608 31143 31365 31358 31274 31538 31813 32793 33750 34276 34845 35431 36430 36982 36244 36848 36730 35553 35857 34465 33435 32962 33703 34084 34510 34435 34955 34637 35310 35582 36245 36951 38197 38586 39195 38529 37795 37396 37257 37160 37550 36928 36475 36678 36793 35762 35315 35652 35840 35794 36390 36247
43 1 19530 20106 20926 21554 22304 21478 24478 26640 30174 31024 34541 33000 32257 31344 31085 30452 31383 31436 31427 32133 32551 32084 32568 32933 32553 32879 33338 33909 35937 36794 37515 37439 38727 39233 38581 39065 39229 38152 37648 36237 35713 34704 35863 36023 36622 35870 37016 37012 36818 37449 38136 38057 39646 40181 40652 40540 40365 39595 39581 39873 40116 39521 38805 39476 39327 37773 36983 37627 37949 37792 38685
43 2 18981 19664 20505 21102 21383 20770 23387 25259 28136 29375 32570 31239 30097 29462 29412 28571 29858 30463 30510 30914 31679 31125 31382 31448 31296 31543 31869 32822 33837 34411 35020 35565 36618 37118 36385 36999 36873 35647 35957 34612 33568 33037 33791 34041 34529 34459 34975 34656 35326 35596 36258 36966 38210 38600 39210 38550 37819 37424 37288 37192 37580 36961 36508 36711 36825 35797 35349 35687 35874 35827 36423
44 1 18652 19469 20070 20873 21527 22250 21420 24441 26623 30097 30854 34404 32923 32214 31311 31039 30388 31303 31400 31410 32164 32475 32034 32530 32907 32535 32914 33512 34261 36237 36950 37683 37719 38973 39373 38701 39115 39173 38114 37644 36319 35652 34712 35802 35979 36577 35837 36970 36960 36769 37398 38085 38009 39596 40135 40610 40501 40327 39561 39550 39840 40084 39490 38774 39442 39294 37747 36960 37601 37921 37764
44 2 18617 18972 19655 20481 21082 21378 20727 23380 25243 28122 29279 32510 31190 30088 29526 29385 28569 29834 30441 30514 30954 31657 31146 31429 31462 31322 31571 31880 32930 33964 34568 35158 35736 36778 37241 36524 37099 37006 35719 36083 34716 33598 33111 33696 34056 34539 34474 34985 34664 35331 35601 36262 36969 38211 38604 39215 38561 37832 37442 37307 37213 37600 36983 36530 36734 36847 35820 35373 35710 35898 35850
45 1 19052 18592 19424 20003 20838 21463 22181 21383 24392 26561 29937 30722 34285 32847 32168 31262 30967 30297 31231 31343 31414 32060 32390 32017 32432 32859 32598 33022 33816 34539 36402 37085 37910 37895 39085 39505 38742 39058 39153 38042 37771 36349 35648 34633 35752 35930 36526 35790 36914 36900 36712 37339 38024 37952 39539 40080 40559 40454 40281 39519 39511 39800 40045 39453 38738 39402 39255 37714 36931 37569 37888
45 2 18580 18616 18940 19648 20461 21059 21352 20711 23361 25218 28056 29238 32481 31183 30113 29530 29384 28533 29804 30440 30528 30939 31616 31148 31417 31473 31350 31604 31939 33078 34104 34692 35256 35861 36854 37343 36654 37165 37037 35791 36151 34790 33646 33010 33700 34058 34538 34474 34980 34658 35322 35592 36250 36957 38199 38594 39206 38558 37831 37446 37313 37220 37606 36991 36539 36742 36855 35830 35384 35720 35908
46 1 19215 18989 18538 19384 19924 20779 21412 22132 21310 24298 26411 29735 30640 34206 32764 32093 31151 30888 30212 31173 31319 31341 31971 32362 31943 32390 32877 32712 33286 34050 34671 36579 37315 38068 37984 39159 39554 38735 39022 39157 38163 37760 36394 35606 34594 35708 35884 36472 35741 36858 36839 36654 37276 37960 37894 39482 40025 40508 40407 40235 39477 39473 39760 40006 39416 38701 39362 39216 37681 36901 37537
46 2 18525 18561 18582 18933 19629 20435 21026 21330 20696 23311 25180 27966 29227 32443 31186 30080 29502 29325 28485 29803 30473 30497 30890 31618 31148 31434 31477 31356 31661 32070 33148 34216 34851 35356 35919 36910 37383 36696 37186 37092 35886 36213 34843 33593 33004 33692 34049 34522 34459 34962 34639 35301 35569 36225 36933 38173 38571 39184 38542 37817 37436 37305 37213 37599 36986 36534 36737 36849 35827 35381 35716
47 1 20378 19143 18922 18463 19343 19857 20741 21330 22072 21257 24145 26281 29650 30534 34096 32656 31996 31062 30804 30139 31128 31228 31268 31912 32285 31932 32431 32951 32973 33479 34141 34755 36743 37445 38149 38108 39153 39457 38644 38968 39253 38138 37744 36199 35542 34538 35646 35815 36398 35672 36782 36761 36576 37195 37879 37818 39406 39952 40440 40341 40172 39417 39416 39702 39949 39361 38646 39305 39160 37631 36854
47 2 20069 18482 18520 18552 18908 19609 20406 20996 21292 20632 23273 25101 27915 29194 32447 31139 30004 29455 29283 28466 29790 30428 30435 30885 31612 31123 31433 31451 31388 31761 32169 33268 34317 34941 35440 35996 36984 37423 36730 37258 37168 35922 36272 34711 33591 33001 33686 34039 34507 34447 34945 34621 35280 35548 36202 36910 38149 38548 39163 38526 37803 37426 37297 37206 37591 36980 36529 36732 36842 35823 35376
48 1 20379 20278 19088 18867 18390 19277 19793 20655 21260 21984 21115 24040 26171 29552 30458 34021 32536 31895 31012 30744 30120 31033 31107 31221 31835 32240 31919 32507 33147 33160 33547 34254 34942 36838 37478 38211 38066 39088 39373 38611 39033 39201 38060 37608 36129 35471 34474 35571 35737 36315 35594 36699 36671 36488 37105 37789 37734 39322 39871 40362 40267 40100 39349 39351 39636 39884 39298 38584 39240 39096 37572
48 2 20367 20027 18445 18500 18519 18861 19544 20363 20973 21246 20571 23206 25056 27886 29195 32378 31100 29967 29409 29245 28453 29742 30368 30413 30866 31590 31094 31452 31491 31438 31831 32233 33320 34394 35012 35496 36061 37040 37469 36742 37322 37159 35950 36121 34695 33580 32988 33669 34019 34483 34425 34920 34594 35250 35518 36170 36879 38117 38518 39134 38501 37781 37407 37280 37190 37574 36965 36515 36717 36827 35810
49 1 21266 20281 20190 19011 18797 18317 19197 19706 20564 21185 21842 20995 23921 26062 29475 30326 33885 32382 31792 30910 30669 30012 30907 31035 31137 31786 32188 31969 32644 33301 33173 33560 34381 35042 36856 37519 38166 37964 39008 39296 38611 38962 39198 37975 37517 36048 35388 34394 35482 35644 36218 35503 36599 36567 36387 37002 37686 37637 39225 39777 40273 40182 40016 39270 39276 39559 39809 39225 38511 39165 39022
49 2 20820 20320 19997 18404 18474 18484 18808 19496 20281 20940 21179 20516 23168 25046 27873 29121 32315 31018 29920 29362 29202 28383 29709 30336 30383 30822 31541 31045 31449 31553 31490 31849 32322 33378 34451 35029 35508 36094 37052 37471 36790 37308 37172 35842 36091 34669 33557 32962 33641 33988 34449 34392 34883 34557 35211 35478 36129 36838 38075 38477 39094 38466 37748 37378 37253 37164 37547 36941 36491 36693 36801
50 1 20995 21127 20184 20078 18929 18709 18199 19110 19595 20458 21042 21691 20882 23830 25990 29379 30195 33690 32248 31686 30823 30572 29882 30833 30946 31069 31728 32218 32126 32792 33367 33197 33664 34412 35006 36848 37461 38054 37867 38891 39317 38565 38955 39013 37882 37422 35960 35296 34306 35386 35545 36115 35404 36493 36457 36280 36894 37578 37535 39124 39678 40178 40091 39928 39186 39196 39478 39729 39147 38435 39087
50 2 20609 20777 20285 19957 18363 18431 18429 18756 19457 20237 20861 21134 20471 23141 25025 27808 29041 32231 30952 29861 29347 29145 28312 29681 30279 30338 30793 31530 31046 31488 31586 31546 31915 32353 33391 34482 35053 35559 36126 37063 37524 36795 37355 37098 35815 36062 34643 33533 32936 33613 33958 34415 34359 34847 34520 35172 35440 36088 36798 38034 38437 39055 38431 37716 37349 37225 37138 37521 36916 36467 36668
51 1 21250 20864 21003 20049 19963 18813 18616 18108 18977 19488 20322 20922 21592 20767 23724 25847 29226 30046 33570 32124 31547 30679 30446 29797 30697 30843 30995 31708 32346 32200 32806 33368 33284 33714 34377 34974 36758 37337 37916 37784 38884 39239 38536 38772 38899 37778 37318 35859 35192 34206 35279 35435 35999 35292 36375 36337 36163 36776 37461 37423 39012 39570 40074 39991 39831 39094 39107 39389 39641 39061 38350
51 2 21322 20552 20724 20230 19899 18316 18366 18373 18694 19411 20184 20809 21072 20424 23091 24965 27730 28969 32144 30859 29813 29306 29075 28257 29642 30225 30274 30762 31512 31050 31510 31586 31559 31953 32348 33409 34456 35056 35533 36134 37067 37514 36806 37222 37052 35773 36019 34601 33494 32896 33571 33914 34366 34313 34797 34471 35121 35389 36036 36746 37981 38385 39005 38386 37673 37310 37188 37102 37484 36882 36433
52 1 21345 21109 20731 20861 19938 19849 18704 18513 17999 18873 19356 20179 20791 21476 20701 23600 25712 29070 29924 33454 32008 31409 30543 30336 29666 30567 30764 30972 31741 32354 32136 32817 33431 33294 33663 34322 34894 36612 37233 37842 37722 38808 39148 38314 38653 38780 37667 37203 35749 35081 34098 35165 35317 35875 35174 36252 36211 36041 36653 37338 37306 38896 39457 39965 39886 39728 38996 39012 39294 39547 38970
52 2 21308 21252 20484 20688 20162 19854 18253 18304 18313 18641 19336 20121 20745 21061 20390 23046 24885 27669 28876 32059 30829 29722 29233 28994 28185 29572 30158 30214 30746 31500 31046 31503 31600 31587 31923 32360 33425 34450 35042 35504 36116 37039 37513 36658 37164 36996 35722 35965 34550 33445 32847 33520 33860 34309 34258 34740 34413 35062 35330 35976 36687 37921 38328 38948 38335 37624 37265 37145 37060 37443 36843
53 1 22533 21198 20983 20592 20700 19826 19723 18554 18366 17876 18736 19217 20025 20696 21396 20586 23445 25575 28938 29783 33310 31829 31217 30426 30176 29542 30467 30690 30968 31752 32325 32122 32859 33453 33231 33591 34225 34723 36477 37089 37814 37627 38737 39000 38187 38531 38657 37550 37083 35636 34967 33989 35048 35197 35752 35057 36130 36087 35920 36531 37217 37190 38780 39344 39855 39780 39625 38897 38917 39199 39453
53 2 22578 21217 21190 20414 20603 20090 19797 18215 18235 18258 18594 19282 20070 20679 21029 20363 22996 24799 27602 28770 31977 30744 29632 29161 28925 28124 29512 30104 30186 30734 31485 31010 31494 31592 31582 31913 32333 33399 34420 35004 35489 36091 37071 37356 36586 37093 36928 35657 35898 34486 33385 32786 33455 33794 34240 34191 34671 34344 34991 35260 35905 36617 37851 38260 38882 38274 37566 37211 37094 37011 37393
54 1 22388 22358 21020 20837 20413 20555 19635 19548 18415 18225 17695 18604 19075 19910 20571 21306 20484 23327 25404 28806 29678 33101 31635 31039 30259 30028 29416 30384 30668 30948 31645 32276 32122 32855 33349 33172 33461 34044 34590 36341 37040 37746 37545 38523 38855 38044 38391 38512 37413 36943 35503 34833 33858 34909 35056 35608 34919 35987 35942 35779 36390 37076 37055 38645 39212 39728 39657 39506 38783 38806 39088
54 2 22471 22485 21160 21117 20344 20512 20016 19703 18176 18167 18201 18521 19226 20012 20638 20972 20329 22931 24714 27499 28694 31857 30642 29544 29077 28842 28038 29447 30053 30141 30693 31440 30985 31466 31585 31543 31877 32288 33339 34392 34958 35413 36068 36882 37287 36519 37028 36864 35597 35837 34430 33332 32734 33401 33740 34183 34136 34615 34289 34935 35205 35849 36562 37795 38205 38829 38225 37520 37169 37053 36972
55 1 23468 22198 22150 20815 20663 20233 20365 19486 19383 18262 18045 17533 18483 18948 19810 20434 21163 20355 23204 25258 28634 29491 32884 31416 30870 30103 29878 29303 30349 30614 30846 31557 32257 32053 32703 33246 33039 33284 33903 34436 36245 36944 37600 37336 38363 38699 37889 38236 38355 37262 36792 35359 34688 33716 34762 34907 35456 34773 35836 35791 35632 36243 36929 36913 38504 39074 39594 39528 39379 38662 38689
55 2 23526 22383 22402 21058 21019 20257 20431 19942 19595 18107 18085 18121 18475 19157 19955 20601 20879 20227 22854 24625 27423 28576 31739 30517 29443 28980 28765 27984 29375 30002 30137 30647 31390 30955 31448 31522 31492 31849 32227 33287 34348 34911 35352 35905 36795 37199 36435 36945 36782 35519 35758 34354 33259 32660 33325 33662 34102 34058 34535 34210 34855 35125 35769 36483 37716 38128 38753 38155 37453 37106 36993
56 1 24249 23254 21987 21927 20609 20458 20042 20201 19272 19208 18073 17846 17396 18348 18823 19671 20295 21021 20225 23049 25116 28423 29297 32696 31234 30674 29937 29754 29227 30232 30455 30738 31501 32202 31891 32590 33054 32876 33147 33786 34357 36113 36781 37374 37170 38194 38533 37723 38069 38189 37102 36632 35204 34533 33566 34605 34749 35295 34619 35678 35631 35476 36087 36774 36764 38355 38928 39451 39390 39245 38532
56 2 24566 23448 22279 22308 20955 20926 20168 20337 19862 19514 18028 17996 18056 18411 19092 19891 20543 20810 20145 22758 24543 27297 28453 31597 30366 29357 28881 28664 27901 29346 29956 30081 30591 31347 30878 31392 31425 31427 31791 32172 33208 34269 34842 35259 35813 36703 37107 36344 36854 36694 35435 35673 34272 33179 32581 33244 33580 34017 33976 34451 34126 34770 35041 35684 36400 37632 38046 38673 38080 37382 37039
57 1 23902 23979 23012 21765 21694 20402 20248 19846 19984 19074 19008 17876 17645 17251 18214 18680 19493 20165 20867 20070 22928 24922 28224 29099 32445 31001 30512 29789 29619 29117 30132 30321 30633 31386 32035 31722 32433 32859 32701 32967 33631 34224 35949 36555 37184 36987 38009 38348 37539 37886 38005 36925 36454 35033 34362 33400 34434 34577 35120 34450 35505 35458 35307 35917 36605 36600 38192 38768 39295 39238 39097
57 2 24864 24467 23342 22170 22182 20847 20831 20070 20236 19773 19406 17953 17918 17978 18350 19024 19810 20458 20741 20061 22700 24415 27183 28325 31448 30242 29226 28761 28592 27831 29292 29873 29982 30530 31256 30800 31332 31350 31356 31709 32098 33146 34201 34690 35155 35707 36597 37000 36240 36750 36591 35338 35574 34176 33087 32489 33149 33484 33919 33880 34354 34030 34673 34944 35587 36304 37535 37952 38581 37994 37298
58 1 23916 23595 23674 22741 21518 21418 20153 19981 19618 19730 18867 18798 17674 17447 17101 18068 18500 19319 20015 20715 19931 22745 24748 28002 28880 32197 30780 30323 29652 29449 28957 30000 30211 30490 31164 31866 31554 32228 32648 32503 32836 33494 34054 35732 36352 36983 36793 37809 38150 37343 37691 37810 36736 36264 34851 34181 33225 34253 34395 34935 34272 35322 35275 35128 35739 36427 36428 38020 38599 39130 39078
58 2 25324 24733 24329 23207 22046 22062 20725 20686 19972 20124 19642 19316 17853 17818 17908 18257 18929 19725 20338 20666 20009 22586 24297 27071 28193 31274 30121 29110 28663 28485 27741 29201 29789 29905 30441 31182 30692 31243 31242 31261 31634 32021 33068 34061 34579 35046 35598 36486 36889 36131 36641 36485 35236 35469 34076 32990 32392 33051 33384 33817 33781 34252 33929 34571 34843 35485 36203 37434 37853 38484 37902
59 1 25579 23609 23285 23383 22446 21232 21139 19889 19707 19387 19473 18634 18604 17480 17258 16944 17880 18304 19142 19828 20569 19723 22526 24549 27763 28645 31948 30544 30158 29497 29275 28773 29823 30037 30291 31026 31667 31328 31997 32448 32363 32661 33336 33820 35518 36137 36770 36584 37596 37938 37134 37483 37601 36534 36062 34658 33990 33040 34062 34203 34741 34085 35131 35084 34941 35551 36241 36248 37838 38421 38956
59 2 27121 25192 24598 24179 23076 21914 21928 20612 20561 19841 20006 19541 19223 17764 17750 17818 18165 18817 19610 20253 20561 19883 22440 24141 26929 28033 31118 30000 28987 28552 28424 27651 29086 29692 29812 30358 31096 30587 31170 31131 31179 31543 31942 32907 33948 34467 34935 35486 36372 36776 36020 36530 36375 35131 35363 33974 32892 32294 32951 33284 33714 33680 34151 33828 34469 34742 35383 36103 37333 37754 38386
60 1 21376 25242 23266 22970 23042 22132 20950 20823 19604 19422 19108 19236 18396 18374 17297 17039 16750 17682 18131 18921 19668 20389 19528 22311 24330 27502 28395 31705 30305 29922 29310 29111 28603 29623 29791 30102 30803 31440 31081 31775 32248 32189 32512 33040 33585 35278 35897 36528 36348 37355 37699 36900 37249 37367 36308 35838 34444 33778 32835 33851 33992 34528 33880 34921 34874 34737 35347 36037 36050 37640 38225
60 2 22494 26943 25033 24416 24034 22911 21766 21794 20479 20417 19709 19891 19421 19114 17668 17656 17751 18086 18750 19513 20173 20440 19750 22302 23982 26776 27894 30951 29842 28855 28459 28290 27545 28970 29566 29716 30217 31007 30498 31079 31057 31071 31440 31771 32770 33811 34329 34798 35348 36232 36637 35884 36394 36240 35001 35232 33847 32770 32173 32827 33159 33586 33556 34024 33702 34342 34617 35257 35977 37207 37631
61 1 22032 21020 24870 22911 22580 22662 21795 20611 20516 19283 19129 18848 18976 18157 18130 17091 16844 16541 17464 17964 18724 19451 20182 19272 22104 24099 27265 28121 31462 30067 29688 29110 28898 28378 29377 29578 29880 30533 31194 30837 31570 32060 31989 32208 32795 33341 35028 35645 36275 36101 37104 37449 36654 37003 37121 36071 35603 34218 33555 32620 33630 33770 34304 33664 34701 34654 34521 35131 35822 35840 37429
61 2 23962 22326 26748 24844 24256 23863 22750 21611 21627 20320 20272 19560 19767 19296 18997 17574 17561 17653 18017 18644 19432 20005 20330 19620 22164 23837 26607 27735 30799 29714 28731 28307 28181 27441 28853 29453 29594 30092 30864 30376 30961 30959 30966 31268 31630 32627 33667 34184 34654 35202 36085 36490 35740 36249 36097 34864 35093 33714 32641 32045 32697 33028 33452 33425 33891 33570 34209 34485 35124 35846 37075
62 1 21954 21622 20676 24433 22494 22222 22229 21400 20216 20148 18958 18820 18550 18685 17876 17903 16863 16592 16324 17223 17770 18491 19216 19944 19010 21860 23806 26961 27854 31161 29821 29427 28844 28610 28129 29137 29292 29575 30279 30966 30629 31358 31815 31677 31959 32541 33088 34766 35381 36010 35842 36841 37187 36396 36746 36864 35824 35358 33984 33325 32397 33401 33541 34072 33441 34473 34427 34299 34909 35599 35624
62 2 23839 23769 22161 26533 24651 24072 23668 22612 21438 21453 20146 20121 19423 19629 19190 18866 17471 17454 17532 17903 18524 19289 19861 20180 19465 22044 23687 26442 27596 30602 29555 28580 28136 28025 27304 28739 29280 29465 29973 30709 30212 30811 30833 30781 31118 31483 32477 33513 34031 34502 35049 35930 36335 35588 36097 35946 34720 34948 33574 32506 31912 32562 32892 33313 33290 33754 33434 34072 34348 34987 35710
63 1 20455 21517 21198 20284 23931 22061 21822 21826 21004 19849 19792 18608 18515 18254 18403 17631 17659 16642 16385 16073 16983 17507 18226 18925 19684 18782 21631 23531 26669 27500 30842 29484 29129 28569 28323 27860 28851 28997 29328 29972 30668 30383 31083 31512 31403 31690 32269 32816 34484 35097 35726 35563 36557 36904 36120 36470 36589 35559 35096 33734 33078 32159 33156 33297 33826 33203 34230 34185 34062 34672 35363
63 2 22736 23650 23566 21967 26313 24432 23883 23473 22445 21248 21275 20012 19964 19282 19479 19059 18736 17351 17347 17433 17771 18364 19124 19705 20046 19351 21896 23495 26258 27393 30391 29382 28390 28003 27845 27160 28591 29104 29325 29818 30547 30049 30656 30621 30617 30955 31321 32311 33346 33863 34335 34881 35759 36164 35421 35930 35782 34563 34790 33422 32360 31767 32415 32744 33162 33143 33605 33287 33924 34201 34840
64 1 20016 19996 21047 20756 19872 23446 21580 21363 21361 20558 19443 19426 18281 18153 17943 18086 17345 17400 16356 16090 15830 16723 17220 17973 18656 19447 18554 21385 23256 26361 27175 30510 29211 28832 28277 28053 27592 28569 28682 29040 29701 30406 30090 30790 31225 31122 31414 31988 32534 34193 34804 35432 35275 36264 36613 35834 36186 36306 35287 34827 33477 32825 31914 32906 33046 33573 32959 33981 33937 33820 34429
64 2 22265 22522 23440 23346 21776 26056 24210 23648 23248 22249 21051 21062 19838 19780 19111 19334 18912 18605 17200 17211 17315 17622 18195 18965 19523 19918 19187 21734 23313 26086 27210 30207 29210 28195 27820 27696 26984 28435 28955 29171 29630 30366 29881 30480 30446 30445 30784 31150 32137 33169 33686 34159 34704 35579 35985 35246 35755 35609 34398 34624 33263 32206 31615 32261 32590 33006 32990 33450 33134 33769 34048
65 1 19949 19524 19517 20570 20263 19435 22963 21084 20855 20876 20079 19019 19000 17931 17775 17585 17757 17054 17140 16084 15804 15565 16443 16962 17712 18399 19163 18301 21057 22963 26049 26846 30120 28886 28527 27967 27764 27266 28261 28378 28740 29417 30082 29809 30478 30915 30817 31113 31681 32227 33876 34485 35111 34959 35943 36293 35520 35873 35993 34984 34526 33187 32537 31635 32617 32758 33281 32675 33691 33647 33535
65 2 22089 22049 22267 23200 23120 21553 25795 23965 23426 23006 22027 20811 20857 19651 19612 18954 19139 18710 18432 17043 17045 17152 17469 18038 18794 19357 19743 19058 21563 23126 25891 27002 29985 28995 27993 27647 27525 26806 28246 28768 29002 29424 30149 29698 30284 30253 30255 30594 30961 31944 32973 33488 33962 34505 35376 35782 35045 35556 35411 34207 34429 33075 32023 31431 32074 32400 32811 32799 33255 32941 33574
66 1 19369 19398 18995 19013 20059 19737 18994 22421 20571 20366 20422 19613 18623 18605 17535 17399 17218 17402 16738 16833 15783 15504 15308 16142 16649 17394 18147 18895 18046 20748 22641 25658 26501 29757 28518 28185 27644 27428 26945 27952 28104 28419 29069 29773 29487 30152 30591 30496 30797 31358 31904 33543 34149 34774 34629 35607 35959 35193 35547 35667 34670 34213 32886 32240 31345 32320 32460 32979 32383 33393 33348
66 2 21788 21826 21817 21991 22934 22858 21291 25499 23706 23164 22788 21797 20601 20640 19430 19410 18762 18949 18551 18283 16893 16905 16994 17291 17874 18636 19206 19596 18914 21361 22949 25700 26807 29764 28798 27762 27471 27320 26614 28049 28550 28825 29211 29975 29496 30079 30052 30056 30396 30763 31743 32768 33281 33756 34297 35163 35571 34837 35348 35204 34008 34227 32879 31832 31241 31881 32204 32610 32603 33054 32743
67 1 18829 18790 18865 18481 18498 19517 19187 18459 21810 20029 19796 19911 19123 18178 18199 17096 16978 16857 17065 16399 16481 15493 15202 15001 15793 16359 17134 17850 18571 17756 20429 22305 25242 26071 29315 28153 27814 27253 27029 26627 27604 27731 28049 28762 29424 29149 29809 30249 30158 30465 31021 31566 33193 33798 34421 34283 35256 35610 34850 35207 35327 34342 33888 32574 31931 31046 32012 32152 32668 32081 33086
67 2 21638 21505 21571 21540 21712 22676 22591 21037 25185 23421 22884 22521 21568 20363 20391 19219 19222 18571 18751 18364 18087 16716 16719 16807 17079 17674 18460 19034 19408 18744 21175 22725 25473 26564 29510 28567 27563 27266 27081 26413 27818 28323 28591 29018 29742 29272 29852 29830 29836 30177 30545 31520 32541 33052 33528 34067 34930 35339 34609 35120 34978 33791 34008 32667 31626 31036 31672 31993 32395 32392 32839
68 1 18012 18255 18237 18261 17913 17938 18931 18607 17886 21177 19424 19200 19362 18660 17718 17753 16667 16570 16463 16694 16022 16081 15145 14835 14673 15499 16042 16822 17517 18220 17434 20083 21968 24842 25647 28875 27746 27401 26868 26679 26278 27248 27353 27752 28396 29055 28792 29447 29888 29801 30113 30664 31209 32823 33426 34049 33918 34886 35242 34491 34849 34971 33999 33549 32248 31610 30735 31692 31833 32345 31768
68 2 20809 21364 21201 21279 21284 21403 22395 22292 20766 24850 23135 22587 22211 21286 20123 20167 18995 19000 18353 18533 18139 17875 16522 16529 16637 16915 17500 18267 18839 19207 18569 20981 22513 25223 26303 29257 28325 27330 27029 26856 26227 27607 28116 28353 28782 29505 29043 29620 29604 29612 29954 30322 31293 32309 32819 33296 33834 34692 35102 34376 34888 34749 33571 33784 32452 31417 30828 31461 31779 32177 32179
69 1 17000 17385 17659 17601 17631 17285 17335 18293 17985 17349 20509 18826 18596 18799 18086 17211 17247 16247 16123 16012 16275 15634 15695 14765 14488 14339 15177 15702 16499 17209 17914 17104 19737 21617 24412 25239 28402 27357 26998 26489 26318 25899 26876 27061 27378 28021 28675 28424 29074 29517 29435 29752 30297 30842 32444 33046 33667 33544 34507 34866 34123 34484 34607 33649 33202 31916 31283 30418 31367 31508 32018
69 2 20212 20493 21027 20853 20928 20987 21121 22072 21922 20456 24463 22802 22248 21909 20976 19853 19883 18758 18753 18142 18299 17909 17646 16340 16312 16428 16729 17308 18086 18635 19010 18363 20760 22253 24952 26050 28973 28027 27072 26793 26631 25974 27357 27845 28091 28521 29241 28790 29364 29352 29364 29707 30075 31041 32052 32562 33040 33576 34430 34841 34121 34634 34497 33330 33541 32217 31190 30603 31233 31548 31942
70 1 16354 16401 16745 17037 16937 16976 16640 16707 17594 17341 16759 19786 18196 18000 18188 17525 16681 16751 15788 15660 15613 15830 15188 15296 14404 14161 14004 14878 15374 16191 16880 17588 16783 19383 21223 23967 24794 27934 26932 26585 26058 25955 25540 26525 26699 27021 27663 28318 28078 28729 29175 29101 29424 29971 30518 32110 32714 33337 33223 34185 34548 33820 34184 34313 33370 32934 31664 31042 30189 31137 31283
70 2 20015 19835 20151 20701 20498 20586 20624 20779 21679 21524 20121 24067 22442 21899 21573 20665 19531 19582 18492 18478 17901 18028 17656 17428 16122 16104 16228 16566 17100 17909 18406 18820 18174 20529 22021 24711 25792 28676 27726 26784 26516 26387 25723 27080 27589 27839 28270 28990 28548 29123 29117 29134 29479 29850 30813 31823 32334 32814 33351 34205 34618 33907 34422 34290 33135 33349 32037 31019 30439 31069 31387
71 1 15098 15716 15657 16069 16310 16258 16237 16013 16050 16922 16672 16135 19036 17555 17328 17552 16906 16115 16189 15291 15175 15170 15375 14757 14890 14010 13815 13714 14550 15028 15856 16507 17217 16450 19046 20833 23535 24341 27460 26482 26143 25617 25519 25185 26141 26321 26648 27291 27946 27718 28370 28818 28754 29081 29630 30179 31763 32368 32993 32889 33849 34217 33503 33872 34007 33080 32654 31401 30791 29951 30897
71 2 18755 19611 19450 19781 20253 20106 20179 20262 20386 21252 21142 19748 23641 22081 21523 21164 20328 19204 19285 18192 18198 17585 17757 17373 17167 15897 15854 16021 16375 16878 17677 18167 18611 17945 20297 21756 24402 25516 28336 27395 26497 26178 26096 25461 26797 27307 27561 27994 28713 28282 28857 28857 28880 29228 29601 30562 31570 32082 32565 33103 33957 34373 33672 34189 34063 32920 33138 31838 30832 30259 30890
72 1 13946 14418 15069 14944 15385 15598 15508 15522 15262 15351 16222 15938 15467 18273 16828 16687 16913 16305 15540 15590 14743 14682 14664 14896 14321 14461 13674 13444 13346 14193 14678 15498 16138 16807 16096 18642 20399 23029 23858 26920 25994 25695 25158 25112 24767 25719 25906 26237 26880 27536 27321 27973 28425 28371 28703 29254 29806 31379 31987 32614 32520 33478 33851 33153 33527 33669 32759 32345 31111 30513 29687
72 2 18154 18292 19186 19022 19345 19847 19667 19762 19853 19977 20847 20667 19365 23187 21646 21148 20749 19987 18832 18943 17888 17883 17238 17452 17087 16907 15667 15612 15785 16138 16681 17432 17942 18316 17682 20060 21484 24095 25168 28009 27035 26166 25826 25771 25165 26493 27005 27262 27698 28416 27996 28572 28579 28607 28959 29335 30294 31298 31813 32298 32838 33691 34109 33420 33939 33820 32690 32912 31626 30631 30067
73 1 13082 13247 13698 14357 14226 14607 14871 14753 14758 14541 14600 15485 15274 14795 17406 16115 15976 16194 15660 14955 14986 14193 14197 14164 14426 13912 14011 13242 13085 12975 13833 14289 15120 15730 16410 15717 18231 19952 22547 23382 26396 25492 25166 24743 24661 24334 25279 25474 25811 26454 27109 26908 27560 28016 27973 28310 28863 29417 30979 31589 32218 32135 33092 33469 32789 33167 33317 32424 32023 30809 30223
73 2 17511 17678 17844 18728 18558 18885 19363 19203 19279 19407 19531 20356 20191 18943 22686 21186 20716 20339 19594 18461 18546 17513 17538 16899 17098 16773 16647 15420 15364 15490 15904 16416 17172 17666 18055 17437 19799 21204 23711 24811 27605 26630 25770 25560 25440 24850 26169 26681 26943 27381 28099 27690 28267 28281 28316 28671 29050 30006 31008 31524 32011 32554 33406 33828 33150 33671 33559 32444 32670 31399 30416
74 1 11851 12427 12532 12986 13591 13471 13807 14065 13997 13974 13796 13834 14735 14522 14039 16642 15409 15255 15478 15016 14333 14381 13647 13634 13613 13905 13424 13599 12825 12688 12586 13453 13832 14702 15277 15946 15335 17808 19486 22031 22809 25817 24952 24662 24234 24166 23857 24796 24999 25341 25984 26640 26454 27106 27565 27534 27876 28432 28988 30538 31151 31782 31710 32665 33048 32386 32770 32928 32054 31667 30474
74 2 16645 17029 17177 17346 18249 18041 18340 18841 18686 18728 18884 19016 19840 19682 18461 22166 20667 20242 19865 19199 18081 18145 17178 17195 16561 16815 16462 16330 15126 15116 15233 15606 16135 16876 17366 17794 17164 19504 20847 23392 24399 27192 26216 25449 25205 25095 24520 25830 26344 26610 27051 27767 27371 27949 27970 28012 28370 28752 29705 30704 31223 31712 32256 33108 33533 32868 33391 33286 32186 32416 31161
75 1 11213 11147 11704 11771 12205 12796 12676 12996 13252 13189 13249 13000 13138 13954 13762 13325 15804 14619 14504 14750 14311 13707 13768 13049 13142 13118 13390 12946 13106 12390 12261 12196 13000 13455 14273 14836 15506 14931 17375 18987 21460 22181 25155 24370 24111 23706 23652 23362 24294 24505 24853 25496 26151 25980 26633 27096 27077 27424 27982 28541 30079 30694 31327 31267 32220 32609 31967 32356 32521 31669 31295
75 2 16123 16073 16462 16664 16801 17735 17467 17824 18231 18111 18183 18297 18495 19266 19141 17958 21539 20187 19736 19376 18711 17648 17679 16740 16803 16190 16448 16104 15963 14801 14831 14923 15331 15801 16541 17089 17480 16872 19136 20493 22981 23994 26731 25842 25038 24808 24709 24151 25450 25965 26236 26679 27395 27013 27591 27620 27669 28031 28416 29366 30362 30883 31375 31921 32771 33200 32549 33075 32978 31895 32129
76 1 10531 10458 10468 10973 11064 11467 11949 11874 12196 12350 12393 12443 12205 12323 13079 13005 12555 14908 13820 13743 13973 13595 13054 13100 12458 12595 12568 12880 12436 12631 11967 11812 11770 12560 13027 13804 14357 15034 14532 16856 18447 20883 21566 24556 23757 23520 23138 23100 22830 23755 23974 24328 24970 25626 25471 26124 26591 26584 26938 27498 28059 29584 30201 30837 30790 31740 32136 31514 31909 32083 31253
76 2 15223 15497 15489 15893 16098 16232 17089 16897 17239 17610 17505 17580 17718 17933 18648 18518 17422 20908 19599 19182 18856 18207 17196 17205 16278 16398 15794 16051 15727 15624 14449 14482 14615 15005 15466 16183 16750 17153 16526 18780 20104 22579 23526 26245 25378 24599 24383 24295 23756 25043 25559 25835 26281 26995 26627 27206 27243 27300 27666 28054 29000 29992 30515 31010 31558 32407 32839 32204 32731 32644 31579
77 1  9727  9787  9706  9763 10235 10292 10611 11120 11064 11369 11600 11536 11619 11446 11572 12275 12203 11792 14022 13007 12935 13206 12853 12359 12462 11892 12029 12049 12293 11903 12112 11445 11360 11355 12031 12562 13324 13890 14552 14071 16354 17914 20243 21046 23865 23106 22890 22535 22513 22264 23180 23409 23768 24410 25065 24928 25580 26052 26059 26419 26981 27545 29055 29675 30313 30280 31228 31630 31030 31431 31615
77 2 14396 14641 14882 14867 15252 15509 15634 16470 16267 16613 16968 16845 16921 17075 17279 18048 17890 16838 20271 18976 18580 18278 17651 16712 16699 15798 15952 15369 15618 15317 15264 14107 14102 14274 14643 15126 15809 16392 16762 16169 18353 19692 22070 23042 25715 24878 24125 23923 23847 23328 24601 25118 25400 25848 26560 26207 26787 26833 26898 27267 27659 28601 29588 30113 30610 31161 32008 32444 31825 32355 32276
78 1  8709  8983  9046  8952  9021  9462  9496  9822 10286 10227 10528 10747 10696 10783 10640 10787 11415 11383 11067 13098 12170 12169 12331 12101 11682 11852 11267 11444 11438 11666 11341 11566 10934 10856 10870 11552 12059 12832 13364 13975 13571 15806 17284 19592 20369 23115 22398 22207 21879 21873 21648 22555 22793 23158 23800 24454 24335 24987 25463 25484 25851 26416 26982 28477 29099 29739 29721 30666 31075 30499 30907
78 2 13399 13712 13969 14236 14203 14565 14817 14927 15723 15584 15875 16173 16150 16229 16361 16683 17392 17239 16190 19495 18299 17944 17662 17038 16159 16152 15340 15494 14901 15145 14895 14857 13716 13715 13889 14256 14740 15368 15993 16341 15780 17914 19185 21549 22516 25141 24334 23609 23423 23359 22861 24120 24637 24924 25374 26083 25748 26327 26382 26457 26829 27224 28162 29144 29671 30170 30723 31568 32007 31406 31938
79 1  7793  7974  8258  8294  8202  8260  8607  8705  8985  9451  9351  9677  9875  9885  9923  9873  9952 10590 10533 10255 12174 11326 11343 11494 11374 11005 11143 10644 10818 10735 11057 10758 10963 10359 10341 10400 11061 11565 12266 12839 13417 13045 15161 16640 18883 19650 22320 21647 21480 21181 21193 20991 21887 22135 22507 23147 23800 23701 24352 24831 24868 25242 25809 26378 27855 28479 29121 29120 30060 30477 29927
79 2 12442 12649 13009 13214 13539 13513 13843 14133 14209 14971 14857 15117 15425 15431 15470 15685 15990 16687 16520 15478 18709 17601 17244 16911 16416 15620 15575 14795 14984 14394 14679 14401 14410 13273 13269 13492 13827 14292 14953 15536 15915 15331 17441 18691 20989 21943 24515 23741 23047 22877 22826 22350 23593 24111 24403 24854 25561 25243 25823 25887 25971 26347 26746 27677 28653 29182 29684 30238 31081 31524 30942
80 1  6927  7069  7240  7531  7568  7501  7490  7870  7885  8160  8607  8525  8858  9028  8978  9103  9051  9160  9710  9706  9473 11246 10503 10501 10747 10606 10303 10453  9942 10140 10098 10449 10171 10373  9783  9806  9879 10556 11000 11687 12269 12820 12516 14554 15966 18136 18892 21480 20852 20712 20441 20471 20294 21179 21437 21814 22452 23103 23024 23674 24157 24209 24590 25159 25730 27187 27813 28458 28472 29409 29833
80 2 11122 11723 11901 12259 12499 12777 12737 13062 13354 13464 14208 14034 14298 14668 14569 14698 14906 15297 15896 15748 14774 17877 16789 16540 16192 15769 14999 14995 14208 14448 13832 14147 13861 13890 12826 12839 13017 13359 13811 14462 15010 15434 14872 16892 18137 20380 21320 23834 23095 22433 22280 22243 21792 23016 23533 23831 24284 24987 24688 25267 25342 25436 25816 26218 27142 28111 28642 29146 29702 30541 30988
81 1  6378  6254  6351  6522  6825  6838  6752  6744  7118  7132  7324  7762  7730  8012  8149  8170  8266  8232  8333  8839  8835  8673 10298  9635  9698  9875  9819  9585  9705  9267  9486  9426  9736  9540  9744  9189  9254  9349  9978 10445 11121 11641 12182 11890 13876 15240 17332 18075 20574 19994 19879 19640 19689 19537 20408 20675 21058 21693 22341 22283 22931 23417 23487 23873 24444 25017 26452 27080 27726 27758 28689
81 2 10333 10359 10922 11170 11473 11744 11934 11992 12247 12493 12667 13367 13253 13465 13780 13784 13930 14071 14485 15033 14855 13988 16977 15956 15749 15404 15100 14341 14366 13560 13814 13233 13566 13324 13311 12321 12336 12528 12862 13307 13950 14499 14887 14355 16321 17537 19720 20643 23093 22392 21764 21630 21607 21182 22385 22901 23204 23659 24357 24079 24656 24742 24846 25230 25635 26552 27512 28044 28551 29108 29943
82 1  5493  5724  5551  5677  5853  6075  6134  6044  6011  6332  6395  6517  6924  6916  7171  7334  7334  7445  7385  7540  7990  7984  7850  9380  8781  8865  9060  9070  8847  8973  8554  8781  8785  9039  8863  9098  8607  8674  8776  9328  9870 10510 10995 11541 11260 13159 14471 16478 17206 19608 19078 18991 18783 18850 18725 19580 19857 20245 20875 21519 21483 22127 22617 22703 23096 23667 24241 25652 26281 26927 26978
82 2  9141  9504  9574 10137 10345 10657 10864 11111 11169 11415 11710 11782 12420 12378 12585 12929 12921 13073 13189 13651 14112 13966 13187 16011 15114 14958 14633 14309 13580 13678 12928 13194 12632 12919 12711 12748 11776 11797 11986 12339 12765 13413 13874 14293 13810 15714 16898 19016 19922 22302 21641 21048 20933 20926 20527 21707 22222 22530 22985 23678 23421 23996 24093 24208 24595 25003 25911 26861 27394 27903 28460
83 1  4767  4835  5055  4909  5029  5181  5369  5455  5332  5313  5574  5680  5783  6127  6132  6352  6518  6614  6686  6552  6687  7116  7112  7045  8446  7974  8049  8248  8232  8113  8233  7854  8098  8039  8358  8182  8405  8017  8070  8177  8714  9237  9835 10323 10841 10593 12398 13654 15570 16279 18577 18098 18039 17864 17949 17851 18687 18973 19365 19989 20627 20614 21253 21744 21848 22247 22817 23391 24774 25402 26048
83 2  8081  8374  8698  8826  9319  9517  9822 10039 10247 10291 10523 10810 10866 11507 11419 11680 12060 12034 12185 12290 12739 13228 13006 12329 15024 14226 14134 13737 13471 12790 12895 12211 12486 11893 12283 12074 12083 11201 11278 11351 11770 12163 12798 13273 13663 13213 15049 16197 18242 19127 21430 20811 20258 20162 20171 19801 20954 21467 21779 22235 22920 22687 23259 23368 23493 23883 24294 25190 26130 26663 27173
84 1  4130  4124  4193  4408  4286  4370  4536  4705  4728  4689  4626  4850  4919  5056  5358  5374  5533  5705  5810  5892  5746  5892  6275  6323  6269  7581  7170  7262  7431  7428  7356  7442  7087  7322  7277  7705  7496  7740  7386  7463  7548  8102  8569  9125  9607 10106  9891 11595 12789 14606 15294 17479 17052 17019 16877 16980 16909 17724 18017 18411 19027 19657 19666 20298 20789 20910 21314 21882 22454 23804 24431
84 2  7001  7294  7588  7933  8056  8482  8703  8951  9171  9350  9380  9578  9959 10009 10561 10531 10750 11133 11052 11289 11350 11736 12293 11995 11493 14000 13383 13192 12825 12577 11955 12094 11496 11729 11254 11561 11411 11381 10600 10651 10698 11128 11445 12127 12615 12998 12583 14345 15454 17421 18283 20503 19928 19415 19340 19364 19024 20148 20657 20974 21429 22105 21895 22463 22584 22721 23113 23526 24410 25336 25868
85 1  3384  3586  3527  3613  3844  3696  3766  3918  4046  4126  4064  4017  4226  4267  4311  4660  4678  4798  4962  5067  5090  5009  5115  5477  5593  5564  6697  6353  6468  6602  6646  6622  6661  6376  6592  6579  6971  6831  7031  6759  6805  6895  7433  7869  8405  8865  9343  9160 10756 11883 13593 14257 16318 15944 15937 15827 15946 15901 16690 16989 17383 17987 18606 18637 19259 19748 19885 20291 20855 21423 22735
85 2  5894  6278  6541  6825  7153  7291  7666  7916  8091  8252  8437  8436  8664  9022  9044  9593  9575  9843 10146 10070 10273 10430 10706 11249 11048 10584 12977 12342 12183 11872 11659 11142 11280 10696 10887 10483 10834 10739 10642  9974 10004 10025 10478 10875 11441 11915 12291 11911 13593 14659 16543 17379 19508 18980 18508 18454 18494 18186 19277 19781 20101 20554 21220 21036 21599 21731 21879 22274 22688 23556 24467
86 1  2873  2867  3025  3069  3082  3288  3135  3189  3351  3421  3551  3435  3409  3591  3567  3731  3951  4033  4126  4278  4305  4367  4308  4386  4741  4925  4836  5866  5543  5679  5787  5891  5878  5924  5685  5913  5863  6240  6130  6345  6097  6142  6240  6723  7160  7663  8098  8550  8398  9879 10934 12529 13162 15090 14769 14786 14706 14839 14820 15578 15879 16270 16859 17462 17514 18122 18606 18758 19164 19720 20281
86 2  5089  5237  5540  5828  6027  6363  6457  6819  7081  7148  7357  7512  7600  7768  8035  8144  8598  8618  8860  9160  9137  9224  9408  9642 10207 10124  9626 11876 11284 11197 10863 10729 10207 10393  9829 10059  9737 10076  9969  9908  9301  9355  9323  9799 10166 10710 11167 11534 11191 12787 13806 15598 16405 18435 17955 17528 17495 17550 17275 18330 18828 19151 19600 20254 20096 20651 20796 20955 21351 21765 22617
87 1  2321  2415  2401  2544  2566  2578  2768  2652  2616  2804  2865  2986  2880  2869  2976  3012  3130  3344  3379  3506  3598  3664  3738  3680  3728  4083  4251  4183  5037  4721  4943  5023  5097  5182  5186  5040  5218  5145  5536  5434  5674  5444  5439  5613  6036  6442  6909  7316  7739  7616  8976  9953 11426 12025 13810 13539 13577 13526 13671 13675 14396 14697 15081 15650 16233 16305 16894 17368 17534 17937 18481
87 2  4086  4464  4544  4848  5101  5287  5548  5680  6006  6244  6257  6484  6616  6709  6832  7101  7223  7672  7645  7899  8105  8103  8238  8368  8603  9177  9158  8701 10744 10196 10162  9899  9759  9243  9478  9017  9194  8861  9202  9172  9106  8632  8557  8665  9068  9422  9940 10378 10734 10429 11932 12900 14592 15366 17289 16859 16477 16465 16536 16295 17309 17798 18122 18567 19206 19074 19621 19777 19947 20343 20756
88 1  1815  1894  1968  1989  2126  2145  2122  2311  2193  2118  2330  2353  2478  2377  2332  2450  2433  2581  2736  2801  2908  3003  3083  3063  3054  3145  3427  3612  3558  4265  4046  4266  4310  4355  4503  4466  4398  4513  4470  4833  4752  5033  4770  4850  4960  5345  5717  6144  6520  6911  6815  8048  8942 10284 10844 12477 12254 12310 12286 12439 12463 13142 13439 13812 14356 14914 15002 15567 16027 16203 16599
88 2  3319  3528  3839  3918  4203  4409  4569  4843  4896  5189  5421  5438  5626  5737  5758  5961  6141  6284  6702  6646  6903  7097  7117  7221  7358  7622  8187  8170  7752  9590  9086  9087  8888  8763  8306  8580  8147  8330  8066  8379  8328  8313  7788  7853  7930  8312  8650  9139  9557  9900  9632 11036 11948 13534 14271 16078 15699 15363 15371 15457 15250 16218 16695 17019 17456 18077 17973 18508 18675 18855 19248
89 1  1277  1490  1533  1590  1596  1715  1720  1727  1890  1766  1697  1871  1899  2032  1909  1898  1980  1988  2088  2218  2280  2386  2451  2499  2533  2540  2628  2870  3011  2990  3594  3387  3619  3660  3700  3877  3823  3768  3888  3838  4161  4063  4338  4159  4227  4332  4679  5015  5402  5744  6102  6029  7135  7942  9153  9669 11147 10968 11038 11036 11193 11235 11867 12155 12514 13027 13555 13657 14193 14635 14818
89 2  2706  2791  3007  3275  3365  3541  3733  3873  4138  4116  4384  4577  4658  4803  4863  4933  5055  5305  5399  5788  5741  5917  6175  6124  6262  6410  6647  7134  7135  6886  8430  8025  8025  7864  7789  7396  7630  7266  7379  7179  7537  7460  7396  7040  7086  7168  7526  7845  8303  8697  9023  8793 10090 10940 12412 13107 14788 14460 14170 14197 14295 14123 15039 15501 15822 16249 16847 16770 17289 17466 17654
90 1  1048  1021  1158  1260  1260  1287  1373  1375  1406  1529  1401  1348  1500  1524  1616  1554  1503  1577  1598  1689  1741  1834  1894  1933  2007  2048  2021  2141  2341  2467  2429  2979  2807  2955  3038  3083  3200  3244  3162  3245  3251  3515  3408  3666  3540  3606  3704  4011  4309  4652  4958  5278  5227  6199  6915  7986  8454  9765  9628  9709  9726  9883  9938 10517 10792 11131 11608 12100 12211 12712 13130
90 2  1999  2234  2307  2510  2724  2838  2893  3136  3236  3453  3396  3640  3819  3859  3959  4090  4135  4249  4468  4563  4842  4830  5015  5226  5156  5345  5537  5663  6116  6175  5983  7293  6983  6879  6802  6821  6464  6657  6327  6388  6336  6597  6566  6601  6245  6297  6383  6714  7012  7434  7800  8107  7914  9096  9879 11226 11874 13418 13141 12897 12941 13050 12911 13768 14212 14526 14938 15508 15458 15958 16141
91 1   780   825   797   915   958   986  1008  1069  1083  1111  1189  1088  1065  1130  1180  1280  1181  1187  1214  1268  1333  1386  1437  1510  1513  1599  1619  1616  1686  1862  1983  1932  2432  2239  2407  2429  2502  2649  2658  2625  2661  2701  2927  2891  3052  2954  3017  3107  3372  3632  3930  4198  4480  4447  5285  5909  6838  7255  8398  8297  8384  8416  8569  8634  9154  9412  9725 10161 10611 10728 11188
91 2  1556  1608  1785  1915  2060  2219  2318  2359  2564  2638  2832  2799  2972  3166  3182  3257  3358  3406  3461  3691  3764  4000  3983  4139  4379  4308  4481  4677  4774  5161  5268  5089  6115  5973  5905  5777  5782  5555  5704  5449  5499  5485  5732  5740  5749  5451  5508  5593  5895  6168  6552  6888  7172  7014  8076  8787 10002 10597 11995 11767 11568 11626 11742 11635 12427 12847 13150 13543 14081 14056 14530
92 1   618   594   620   603   700   738   765   781   789   829   855   889   821   801   823   919   960   913   911   933   966  1001  1043  1071  1126  1174  1240  1269  1239  1240  1447  1562  1487  1909  1776  1919  1924  1992  2116  2110  2077  2159  2219  2360  2350  2487  2414  2471  2551  2776  2997  3251  3481  3723  3704  4412  4944  5734  6097  7073  7003  7091  7133  7278  7348  7807  8042  8326  8716  9119  9237
92 2  1191  1237  1290  1418  1540  1660  1781  1874  1924  2064  2118  2269  2239  2390  2490  2603  2649  2726  2781  2802  2950  3054  3194  3227  3379  3641  3552  3664  3882  3951  4256  4383  4247  5042  5029  4970  4789  4865  4675  4784  4620  4685  4617  4908  4897  4916  4670  4729  4812  5083  5329  5672  5974  6232  6107  7045  7679  8757  9295 10540 10358 10200 10269 10389 10312 11032 11423 11711 12080 12579 12576
93 1   471   477   448   449   448   529   541   573   586   605   607   622   662   613   562   614   671   708   685   685   682   712   743   755   796   827   912   937   953   935   953  1091  1234  1109  1477  1374  1474  1484  1539  1682  1671  1621  1722  1714  1868  1865  1979  1926  1976  2046  2231  2415  2625  2818  3021  3013  3597  4040  4697  5005  5819  5774  5859  5906  6039  6109  6504  6714  6965  7306  7659
93 2   859   931   947  1026  1119  1215  1306  1398  1474  1507  1590  1664  1753  1799  1858  1972  2059  2067  2122  2152  2175  2332  2428  2503  2593  2692  2939  2849  2951  3161  3214  3451  3539  3442  4133  4137  4073  3916  3999  3848  3966  3843  3823  3873  4090  4091  4115  3919  3976  4055  4292  4510  4810  5076  5307  5210  6022  6577  7515  7992  9079  8939  8819  8894  9014  8963  9605  9963 10232 10572 11027
94 1   264   357   352   331   334   321   389   396   421   429   466   427   459   489   417   392   435   486   491   493   481   483   528   526   552   587   604   702   678   700   690   695   821   900   848  1076  1023  1111  1119  1197  1263  1276  1246  1295  1318  1440  1442  1534  1496  1539  1597  1746  1894  2065  2222  2387  2386  2856  3215  3745  4000  4661  4635  4714  4762  4880  4947  5278  5460  5675  5965
94 2   639   642   701   746   796   849   952  1013  1079  1134  1166  1215  1261  1365  1349  1394  1502  1614  1564  1646  1651  1701  1809  1816  1909  2022  2111  2315  2238  2325  2495  2537  2720  2770  2731  3338  3296  3264  3118  3220  3106  3161  3054  3133  3146  3330  3338  3366  3212  3267  3339  3542  3729  3986  4216  4416  4344  5032  5507  6305  6718  7647  7543  7456  7534  7650  7620  8181  8501  8746  9052
95 1   210   194   251   258   227   230   230   273   285   290   312   326   296   345   337   273   271   311   336   353   326   324   345   381   375   415   416   441   491   474   524   496   493   607   671   606   784   724   828   835   893   971   989   927   965   984  1078  1082  1154  1128  1164  1211  1327  1443  1577  1700  1832  1835  2201  2483  2900  3104  3625  3613  3682  3728  3828  3889  4158  4310  4490
95 2   475   476   463   541   558   614   624   730   767   810   850   844   917   994   988   986  1024  1124  1185  1165  1210  1256  1269  1344  1364  1465  1548  1586  1776  1751  1790  1929  1962  2074  2095  2139  2601  2576  2493  2388  2542  2429  2476  2434  2473  2489  2641  2654  2682  2565  2615  2678  2847  3005  3218  3411  3581  3530  4098  4494  5155  5504  6277  6204  6145  6221  6329  6316  6794  7073  7290
96 1   135   147   136   170   178   160   159   149   186   213   195   216   238   210   239   236   191   180   211   233   236   229   220   233   266   241   281   306   305   344   317   379   335   331   420   479   447   547   499   579   622   646   713   679   667   697   713   782   787   842   825   853   889   977  1065  1166  1260  1361  1366  1642  1857  2174  2332  2729  2726  2784  2824  2906  2959  3170  3293
96 2   304   338   351   344   396   414   438   461   543   542   588   618   616   673   681   709   721   749   814   862   828   869   926   897  1003  1028  1065  1139  1167  1304  1292  1316  1440  1434  1549  1592  1616  1930  1927  1860  1813  1959  1858  1918  1862  1896  1913  2035  2049  2076  1990  2033  2087  2224  2352  2524  2682  2821  2787  3242  3562  4095  4381  5007  4958  4920  4991  5088  5088  5483  5719
97 1    77    89   107    97   114   131   105   116    98   134   148   132   156   160   147   158   155   126   118   154   145   153   140   136   167   170   163   174   200   197   235   222   259   237   223   296   320   291   362   356   405   421   434   464   471   465   486   498   549   553   593   582   604   631   694   759   832   902   976   982  1183  1340  1572  1690  1982  1983  2030  2064  2128  2171  2330
97 2   200   227   230   240   246   274   293   327   338   368   374   403   446   439   480   501   495   501   529   603   584   574   603   642   624   722   772   741   820   863   932   929   956  1012  1035  1140  1141  1180  1413  1400  1328  1325  1445  1367  1418  1381  1409  1425  1519  1533  1557  1496  1531  1575  1682  1783  1918  2042  2152  2131  2484  2735  3150  3377  3867  3838  3816  3878  3961  3969  4285
98 1    47    47    51    66    66    83    93    65    76    58    81    95    94   101   108    97   107   104    76    74   106    95    96    93    88   117   121   113   116   133   130   148   150   157   153   149   188   207   200   234   229   263   281   295   310   316   312   327   336   371   375   403   396   412   431   475   520   572   621   674   679   820   931  1094  1178  1385  1388  1424  1450  1498  1531
98 2   108   136   146   168   171   171   186   206   230   229   255   270   278   314   292   324   339   325   350   364   383   404   395   413   432   438   479   528   491   566   614   649   666   663   701   710   787   816   824  1002   980   940   939  1011   975  1013   988  1011  1025  1095  1107  1127  1085  1113  1148  1228  1304  1406  1500  1585  1572  1836  2026  2338  2511  2882  2865  2854  2907  2975  2986
99 1    25    33    31    36    47    40    52    65    38    52    31    52    58    63    63    66    61    64    63    47    48    73    49    58    60    69    76    75    73    69    86    81    91   100   109   101   104   127   130   131   161   156   162   183   189   200   204   202   212   218   241   244   263   259   270   283   313   343   378   411   446   451   545   620   730   788   927   932   957   977  1011
99 2    84    77    91   104   113   119   117   136   136   154   148   182   188   173   222   203   221   237   219   236   238   253   261   269   270   294   311   324   359   340   381   436   468   429   464   482   489   529   572   556   688   675   638   646   693   669   697   682   699   710   760   770   785   758   779   805   863   918   992  1060  1122  1116  1305  1443  1669  1796  2065  2057  2053  2095  2147
