ba      18      0.0000  0.0000  0.0000
ba      19      0.0796  0.0083  0.0713
ba      20      0.1164  0.0196  0.0968
ba      21      0.1303  0.0284  0.1019
ba      22      0.0834  0.0193  0.0641
ba      23      0.0697  0.0169  0.0528
ba      24      0.0528  0.0113  0.0416
ba      25      0.0429  0.0110  0.0319
ba      26      0.0354  0.0070  0.0284
ba      27      0.0365  0.0078  0.0287
ba      28      0.0357  0.0075  0.0282
ba      29      0.0252  0.0048  0.0204
ba      30      0.0292  0.0051  0.0241
ba      31      0.0257  0.0029  0.0228
ba      32      0.0236  0.0038  0.0198
ba      33      0.0204  0.0019  0.0185
ba      34      0.0204  0.0038  0.0166
ba      35      0.0177  0.0024  0.0153
ba      36      0.0139  0.0013  0.0126
ba      37      0.0158  0.0021  0.0137
ba      38      0.0155  0.0024  0.0131
ba      39      0.0185  0.0019  0.0166
ba      40      0.0110  0.0013  0.0097
ba      41      0.0097  0.0019  0.0078
ba      42      0.0078  0.0000  0.0078
ba      43      0.0094  0.0003  0.0091
ba      44      0.0097  0.0011  0.0086
ba      45      0.0080  0.0011  0.0070
ba      46      0.0072  0.0005  0.0067
ba      47      0.0051  0.0000  0.0051
ba      48      0.0051  0.0003  0.0048
ba      49      0.0035  0.0003  0.0032
ba      50      0.0032  0.0005  0.0027
ba      51      0.0032  0.0000  0.0032
ba      52      0.0016  0.0000  0.0016
ba      53      0.0021  0.0000  0.0021
ba      54      0.0011  0.0003  0.0008
ba      55      0.0005  0.0000  0.0005
ba      56      0.0013  0.0000  0.0013
ba      57      0.0000  0.0000  0.0000
ba      58      0.0005  0.0000  0.0005
ba      59      0.0005  0.0000  0.0005
ba      60      0.0003  0.0000  0.0003
ba      61      0.0003  0.0000  0.0003
ba      62      0.0003  0.0000  0.0003
ba      64      0.0000  0.0000  0.0000
gr      18      0.0007  0.0000  0.0007
gr      19      0.1872  0.0383  0.1489
gr      20      0.2296  0.0551  0.1745
gr      21      0.1828  0.0647  0.1181
gr      22      0.0914  0.0352  0.0561
gr      23      0.0469  0.0219  0.0250
gr      24      0.0315  0.0103  0.0212
gr      25      0.0291  0.0103  0.0188
gr      26      0.0226  0.0089  0.0137
gr      27      0.0195  0.0068  0.0127
gr      28      0.0171  0.0068  0.0103
gr      29      0.0123  0.0058  0.0065
gr      30      0.0123  0.0044  0.0079
gr      31      0.0103  0.0048  0.0055
gr      32      0.0096  0.0038  0.0058
gr      33      0.0099  0.0027  0.0072
gr      34      0.0075  0.0034  0.0041
gr      35      0.0062  0.0010  0.0051
gr      36      0.0041  0.0010  0.0031
gr      37      0.0051  0.0010  0.0041
gr      38      0.0062  0.0021  0.0041
gr      39      0.0055  0.0003  0.0051
gr      40      0.0055  0.0014  0.0041
gr      41      0.0051  0.0021  0.0031
gr      42      0.0044  0.0007  0.0038
gr      43      0.0044  0.0021  0.0024
gr      44      0.0055  0.0017  0.0038
gr      45      0.0017  0.0007  0.0010
gr      46      0.0027  0.0007  0.0021
gr      47      0.0041  0.0017  0.0024
gr      48      0.0017  0.0007  0.0010
gr      49      0.0027  0.0010  0.0017
gr      50      0.0021  0.0010  0.0010
gr      51      0.0014  0.0000  0.0014
gr      52      0.0017  0.0010  0.0007
gr      53      0.0021  0.0000  0.0021
gr      54      0.0014  0.0003  0.0010
gr      55      0.0021  0.0000  0.0021
gr      56      0.0007  0.0000  0.0007
gr      57      0.0007  0.0003  0.0003
gr      58      0.0007  0.0003  0.0003
gr      59      0.0010  0.0003  0.0007
gr      60      0.0000  0.0000  0.0000
gr      61      0.0007  0.0000  0.0007
gr      62      0.0003  0.0003  0.0000
gr      64      0.0000  0.0000  0.0000
fa      18      0.0000  0.0000  0.0000
fa      19      0.1427  0.0567  0.0860
fa      20      0.1379  0.0493  0.0886
fa      21      0.1467  0.0611  0.0856
fa      22      0.0873  0.0454  0.0419
fa      23      0.0489  0.0292  0.0196
fa      24      0.0354  0.0170  0.0183
fa      25      0.0262  0.0096  0.0166
fa      26      0.0210  0.0113  0.0096
fa      27      0.0127  0.0083  0.0044
fa      28      0.0236  0.0122  0.0113
fa      29      0.0157  0.0087  0.0070
fa      30      0.0170  0.0087  0.0083
fa      31      0.0148  0.0087  0.0061
fa      32      0.0162  0.0061  0.0100
fa      33      0.0131  0.0079  0.0052
fa      34      0.0118  0.0065  0.0052
fa      35      0.0144  0.0087  0.0057
fa      36      0.0105  0.0074  0.0031
fa      37      0.0122  0.0061  0.0061
fa      38      0.0087  0.0052  0.0035
fa      39      0.0109  0.0039  0.0070
fa      40      0.0131  0.0061  0.0070
fa      41      0.0083  0.0052  0.0031
fa      42      0.0083  0.0039  0.0044
fa      43      0.0113  0.0022  0.0092
fa      44      0.0109  0.0057  0.0052
fa      45      0.0113  0.0044  0.0070
fa      46      0.0087  0.0052  0.0035
fa      47      0.0122  0.0057  0.0065
fa      48      0.0079  0.0039  0.0039
fa      49      0.0096  0.0048  0.0048
fa      50      0.0118  0.0070  0.0048
fa      51      0.0052  0.0026  0.0026
fa      52      0.0087  0.0061  0.0026
fa      53      0.0065  0.0035  0.0031
fa      54      0.0113  0.0070  0.0044
fa      55      0.0061  0.0035  0.0026
fa      56      0.0065  0.0048  0.0017
fa      57      0.0052  0.0022  0.0031
fa      58      0.0044  0.0031  0.0013
fa      59      0.0017  0.0009  0.0009
fa      60      0.0022  0.0004  0.0017
fa      61      0.0004  0.0004  0.0000
fa      62      0.0004  0.0000  0.0004
fa      64      0.0000  0.0000  0.0000
ph      18      0.0000  0.0000  0.0000
ph      19      0.0000  0.0000  0.0000
ph      20      0.0000  0.0000  0.0000
ph      21      0.0025  0.0000  0.0025
ph      22      0.0170  0.0095  0.0076
ph      23      0.0259  0.0101  0.0158
ph      24      0.0631  0.0334  0.0296
ph      25      0.0939  0.0479  0.0460
ph      26      0.0763  0.0359  0.0404
ph      27      0.0618  0.0303  0.0315
ph      28      0.0675  0.0322  0.0353
ph      29      0.0504  0.0227  0.0277
ph      30      0.0473  0.0227  0.0246
ph      31      0.0485  0.0183  0.0303
ph      32      0.0429  0.0227  0.0202
ph      33      0.0410  0.0132  0.0277
ph      34      0.0284  0.0107  0.0177
ph      35      0.0296  0.0139  0.0158
ph      36      0.0189  0.0057  0.0132
ph      37      0.0183  0.0057  0.0126
ph      38      0.0158  0.0050  0.0107
ph      39      0.0177  0.0050  0.0126
ph      40      0.0145  0.0044  0.0101
ph      41      0.0265  0.0076  0.0189
ph      42      0.0195  0.0038  0.0158
ph      43      0.0221  0.0063  0.0158
ph      44      0.0195  0.0069  0.0126
ph      45      0.0145  0.0063  0.0082
ph      46      0.0145  0.0038  0.0107
ph      47      0.0082  0.0013  0.0069
ph      48      0.0164  0.0044  0.0120
ph      49      0.0164  0.0050  0.0113
ph      50      0.0101  0.0038  0.0063
ph      51      0.0101  0.0076  0.0025
ph      52      0.0044  0.0019  0.0025
ph      53      0.0063  0.0038  0.0025
ph      54      0.0063  0.0032  0.0032
ph      55      0.0063  0.0038  0.0025
ph      56      0.0038  0.0019  0.0019
ph      57      0.0038  0.0032  0.0006
ph      58      0.0025  0.0006  0.0019
ph      59      0.0032  0.0025  0.0006
ph      60      0.0032  0.0025  0.0006
ph      61      0.0000  0.0000  0.0000
ph      62      0.0006  0.0000  0.0006
ph      64      0.0006  0.0000  0.0006
py      18      0.0000  0.0000  0.0000
py      19      0.0000  0.0000  0.0000
py      20      0.0000  0.0000  0.0000
py      21      0.0000  0.0000  0.0000
py      22      0.0009  0.0000  0.0009
py      23      0.0018  0.0009  0.0009
py      24      0.0063  0.0018  0.0045
py      25      0.0117  0.0027  0.0090
py      26      0.0242  0.0081  0.0161
py      27      0.0287  0.0099  0.0188
py      28      0.0395  0.0108  0.0287
py      29      0.0278  0.0099  0.0179
py      30      0.0350  0.0135  0.0215
py      31      0.0413  0.0126  0.0287
py      32      0.0475  0.0117  0.0359
py      33      0.0386  0.0161  0.0224
py      34      0.0422  0.0143  0.0278
py      35      0.0466  0.0135  0.0332
py      36      0.0341  0.0090  0.0251
py      37      0.0332  0.0081  0.0251
py      38      0.0377  0.0099  0.0278
py      39      0.0404  0.0135  0.0269
py      40      0.0314  0.0072  0.0242
py      41      0.0359  0.0099  0.0260
py      42      0.0296  0.0081  0.0215
py      43      0.0251  0.0063  0.0188
py      44      0.0251  0.0045  0.0206
py      45      0.0296  0.0099  0.0197
py      46      0.0395  0.0143  0.0251
py      47      0.0314  0.0152  0.0161
py      48      0.0242  0.0063  0.0179
py      49      0.0251  0.0081  0.0170
py      50      0.0287  0.0108  0.0179
py      51      0.0251  0.0090  0.0161
py      52      0.0233  0.0090  0.0143
py      53      0.0215  0.0143  0.0072
py      54      0.0197  0.0090  0.0108
py      55      0.0108  0.0054  0.0054
py      56      0.0081  0.0036  0.0045
py      57      0.0108  0.0045  0.0063
py      58      0.0063  0.0036  0.0027
py      59      0.0054  0.0045  0.0009
py      60      0.0036  0.0036  0.0000
py      61      0.0009  0.0009  0.0000
py      62      0.0018  0.0009  0.0009
py      64      0.0000  0.0000  0.0000
sp      18      0.0000  0.0000  0.0000
sp      19      0.0675  0.0069  0.0606
sp      20      0.0554  0.0043  0.0510
sp      21      0.0536  0.0087  0.0450
sp      22      0.0363  0.0043  0.0320
sp      23      0.0848  0.0069  0.0779
sp      24      0.0614  0.0078  0.0536
sp      25      0.0597  0.0078  0.0519
sp      26      0.0623  0.0104  0.0519
sp      27      0.0450  0.0061  0.0389
sp      28      0.0225  0.0009  0.0216
sp      29      0.0329  0.0043  0.0285
sp      30      0.0285  0.0061  0.0225
sp      31      0.0242  0.0052  0.0190
sp      32      0.0182  0.0026  0.0156
sp      33      0.0164  0.0017  0.0147
sp      34      0.0294  0.0061  0.0234
sp      35      0.0251  0.0052  0.0199
sp      36      0.0285  0.0017  0.0268
sp      37      0.0190  0.0035  0.0156
sp      38      0.0199  0.0026  0.0173
sp      39      0.0147  0.0009  0.0138
sp      40      0.0147  0.0009  0.0138
sp      41      0.0138  0.0009  0.0130
sp      42      0.0130  0.0026  0.0104
sp      43      0.0095  0.0009  0.0087
sp      44      0.0190  0.0035  0.0156
sp      45      0.0173  0.0026  0.0147
sp      46      0.0208  0.0017  0.0190
sp      47      0.0121  0.0017  0.0104
sp      48      0.0112  0.0000  0.0112
sp      49      0.0112  0.0000  0.0112
sp      50      0.0138  0.0035  0.0104
sp      51      0.0078  0.0000  0.0078
sp      52      0.0052  0.0017  0.0035
sp      53      0.0069  0.0000  0.0069
sp      54      0.0043  0.0009  0.0035
sp      55      0.0052  0.0017  0.0035
sp      56      0.0035  0.0000  0.0035
sp      57      0.0026  0.0000  0.0026
sp      58      0.0009  0.0000  0.0009
sp      59      0.0009  0.0000  0.0009
sp      60      0.0009  0.0000  0.0009
sp      61      0.0000  0.0000  0.0000
sp      62      0.0000  0.0000  0.0000
sp      64      0.0000  0.0000  0.0000
