2020  3123    2877    2186    1144     561
2021  3123    2877    2186    1144     561
2022  3123    2877    2186    1144     561
2023  3123    2877    2186    1144     561
2024  3123    2877    2186    1144     561
2025  3123    2877    2186    1144     561
2026  3123    2877    2186    1144     561
2027  3123    2877    2186    1144     561
2028  3123    2877    2186    1144     561
2029  3123    2877    2186    1144     561
2030  3123    2877    2186    1144     561
2031  3123    2877    2186    1144     561
2032  3123    2877    2186    1144     561
2033  3123    2877    2186    1144     561
2034  3123    2877    2186    1144     561
2035  3123    2877    2186    1144     561
2036  3123    2877    2186    1144     561
2037  3123    2877    2186    1144     561
2038  3123    2877    2186    1144     561
2039  3123    2877    2186    1144     561
2040  3123    2877    2186    1144     561
