2010 1.00000 1.00000 1.00000 1.00000 1.00000 1.00000
2011 1.00000 1.00000 1.00000 1.00000 1.00000 1.00000
2012 1.00000 1.00000 1.00000 1.00000 1.00000 1.00000
2013 1.00000 1.00000 1.00000 1.00000 1.00000 1.00000
2014 1.00000 1.00000 1.00000 1.00000 1.00000 1.00000
2015 1.00000 1.00000 1.00000 1.00000 1.00000 1.00000
2016 1.00000 1.00000 1.00000 1.00000 1.00000 1.00000
2017 1.00000 1.00000 1.00000 1.00000 1.00000 1.00000
2018 1.00000 1.00000 1.00000 1.00000 1.00000 1.00000
2019 1.00000 1.00000 1.00000 1.00000 1.00000 1.00000
2020 1.00000 1.00000 1.00000 1.00000 1.00000 1.00000
2021 1.00000 1.00000 1.00000 1.00000 1.00000 1.00000
2022 1.00000 1.00000 1.00000 1.00000 1.00000 1.00000
2023 1.00000 1.00000 1.00000 1.00000 1.00000 1.00000
2024 1.00000 1.00000 1.00000 1.00000 1.00000 1.00000
2025 1.00000 1.00000 1.00000 1.00000 1.00000 1.00000
2026 1.00000 1.00000 1.00000 1.00000 1.00000 1.00000
2027 1.00000 1.00000 1.00000 1.00000 1.00000 1.00000
2028 1.00000 1.00000 1.00000 1.00000 1.00000 1.00000
2029 1.00000 1.00000 1.00000 1.00000 1.00000 1.00000
2030 1.00000 1.00000 1.00000 1.00000 1.00000 1.00000
2031 1.00000 1.00000 1.00000 1.00000 1.00000 1.00000
2032 1.00000 1.00000 1.00000 1.00000 1.00000 1.00000
2033 1.00000 1.00000 1.00000 1.00000 1.00000 1.00000
2034 1.00000 1.00000 1.00000 1.00000 1.00000 1.00000
2035 1.00000 1.00000 1.00000 1.00000 1.00000 1.00000
2036 1.00000 1.00000 1.00000 1.00000 1.00000 1.00000
2037 1.00000 1.00000 1.00000 1.00000 1.00000 1.00000
2038 1.00000 1.00000 1.00000 1.00000 1.00000 1.00000
2039 1.00000 1.00000 1.00000 1.00000 1.00000 1.00000
2040 1.00000 1.00000 1.00000 1.00000 1.00000 1.00000
