2  1       4454      5433   0.84091   0.81395   0.80753   0.75366
2  2         37       275   0.86609   0.82387   0.81271   0.69490
2  3       9898     30716   0.96718   0.94926   0.89970   0.82983
2  4        822      1456   0.94952   0.93720   0.88987   0.84915
2  5        378       725   0.96164   0.94115   0.92113   0.87249
2  6        731      1755   0.85825   0.86736   0.81242   0.78162
3  1       2333      3058   0.91984   0.84753   0.87280   0.76805
3  2         31       226   0.97645   0.88301   0.82806   0.77796
3  3       1521      3407   0.95351   0.92769   0.89752   0.80307
3  4       1835      2832   0.96412   0.94323   0.91076   0.83646
3  5        272       458   0.96468   0.93200   0.91233   0.86137
3  6       1086       991   0.94815   0.87014   0.89241   0.77234
4  1       1193      7870   0.90121   0.83285   0.84195   0.74820
4  2       2827     28262   0.98306   0.94854   0.90042   0.80824
4  3        587      7785   0.95756   0.91489   0.89721   0.81217
4  4         56       424   0.97949   0.89906   0.83388   0.81426
4  5         70       459   0.93255   0.92286   0.85168   0.85666
4  6         79      1384   0.87130   0.89545   0.81973   0.79664
5  1       5370     12015   0.91800   0.88075   0.87381   0.80885
5  2        105      1870   0.91767   0.91077   0.84466   0.80331
5  3        840      3382   0.93022   0.89475   0.85610   0.79752
5  4        471       803   0.93351   0.91334   0.89301   0.83236
5  5        435      1107   0.95725   0.95317   0.90787   0.87949
5  6        416      1395   0.85333   0.88834   0.80702   0.79073
6  1        148       678   0.82918   0.81489   0.79279   0.73083
6  2          7       181   1.00000   0.90311   0.74857   0.78667
6  3         74       558   0.94733   0.93033   0.85094   0.75781
6  4         18        73   0.97958   0.91724   0.77147   0.83429
6  5         12        67   0.94083   0.93570   0.91574   0.82133
6  6         30       289   0.77628   0.95049   0.74450   0.82134
7  1       4816     11246   0.79391   0.76949   0.75116   0.68541
7  2        558      3000   0.93680   0.90557   0.86988   0.79599
7  3       2099      4925   0.79603   0.77359   0.74325   0.68552
7  4        789      1159   0.87367   0.83378   0.82536   0.76929
7  5        293       579   0.65963   0.70138   0.64196   0.64864
7  6        261       564   0.79859   0.83131   0.76586   0.75566
a  1       4910      5157   0.87128   0.87402   0.83622   0.81364
a  2         25       117   0.91360   0.82095   0.81233   0.74340
a  3       3413      5982   0.95564   0.93543   0.89653   0.82871
a  4       4052      5558   0.94516   0.93755   0.89434   0.85763
a  5       1056      1411   0.95635   0.94563   0.92534   0.88014
a  6        670      1268   0.82333   0.86067   0.77715   0.77729
b  1       2493      2856   0.87146   0.88028   0.83045   0.80211
b  2          7        44   0.88311   0.83431   0.88311   0.64568
b  3        709      1522   0.96036   0.92545   0.88937   0.82923
b  4       2773      2745   0.95327   0.93934   0.89180   0.86525
b  5        358       461   0.96505   0.96168   0.91055   0.87478
b  6        189       363   0.83466   0.85886   0.78449   0.76725
