ba  1       1193      7870   0.90121   0.83285
ba  2       2827     28262   0.98306   0.94854
ba  3        587      7785   0.95756   0.91489
ba  4         56       424   0.97949   0.89906
ba  5         70       459   0.93255   0.92286
ba  6         79      1384   0.87130   0.89545
gr  1       4454      5433   0.84091   0.81395
gr  2         37       275   0.86609   0.82387
gr  3       9898     30716   0.96718   0.94926
gr  4        822      1456   0.94952   0.93720
gr  5        378       725   0.96164   0.94115
gr  6        731      1755   0.85825   0.86736
fa  1       2333      3058   0.91984   0.84753
fa  2         31       226   0.97645   0.88301
fa  3       1521      3407   0.95351   0.92769
fa  4       1835      2832   0.96412   0.94323
fa  5        272       458   0.96468   0.93200
fa  6       1086       991   0.94815   0.87014
ph  1       4910      5157   0.87128   0.87402
ph  2         25       117   0.91360   0.82095
ph  3       3413      5982   0.95564   0.93543
ph  4       4052      5558   0.94516   0.93755
ph  5       1056      1411   0.95635   0.94563
ph  6        670      1268   0.82333   0.86067
py  1       2493      2856   0.87146   0.88028
py  2          7        44   0.88311   0.83431
py  3        709      1522   0.96036   0.92545
py  4       2773      2745   0.95327   0.93934
py  5        358       461   0.96505   0.96168
py  6        189       363   0.83466   0.85886
an  1       5370     12015   0.91800   0.88075
an  2        105      1870   0.91767   0.91077
an  3        840      3382   0.93022   0.89475
an  4        471       803   0.93351   0.91334
an  5        435      1107   0.95725   0.95317
an  6        416      1395   0.85333   0.88834
