ba 1 23           9         9      0.95337
ba 1 24          44        42      0.90198
ba 1 25          93        86      0.95599
ba 1 26         124       119      0.96447
ba 1 27         154       148      0.95157
ba 1 28         166       163      0.97073
ba 1 29         193       183      0.96170
ba 1 30         194       185      0.97428
ba 1 31         199       192      0.95292
ba 1 32         195       188      0.98357
ba 1 33         201       197      0.98665
ba 1 34         194       183      0.96852
ba 1 35         192       179      0.98804
ba 1 36         178       174      0.98519
ba 1 37         176       171      0.96901
ba 1 38         141       137      0.96129
ba 1 39         147       140      0.95415
ba 1 40         124       116      0.99188
ba 1 41         102        96      0.96556
ba 1 42          86        83      0.94608
ba 1 43          95        91      0.97511
ba 1 44         124       119      0.97694
ba 1 45         120       116      0.96396
ba 1 46         124       117      0.98448
ba 1 47         141       131      0.96439
ba 1 48         141       135      0.98942
ba 1 49         154       143      0.97850
ba 1 50         153       143      0.96025
ba 1 51         160       148      0.97095
ba 1 52         124       118      0.96203
ba 1 53         121       109      0.94468
ba 1 54          91        81      0.94126
ba 1 55          71        63      0.91992
ba 1 56          48        40      0.92264
ba 1 57          49        47      0.99171
ba 1 58          41        37      0.93701
ba 1 59          60        49      0.97020
ba 1 60          47        42      0.96048
ba 1 61          52        44      0.92764
ba 1 62          43        32      0.94020
ba 1 63          67        47      0.85047
ba 1 64          51        27      0.87747
ba 1 65          67        30      0.83549
ba 1 66          89        31      0.87284
ba 1 67          81        32      0.65632
ba 1 68          68        20      0.57406
ba 1 69          49        12      0.58133
ba 1 70          31         3      0.29287
ba 1 71          28         7      0.32946
ba 1 72          15         2      0.70000
ba 1 73          11         3      0.17667
ba 1 74           8         0      0.00000
ba 2 23         148       140      0.91541
ba 2 24         444       423      0.90100
ba 2 25         727       691      0.92899
ba 2 26         838       795      0.93542
ba 2 27         874       833      0.93908
ba 2 28         976       923      0.95144
ba 2 29        1032       976      0.95242
ba 2 30        1156      1087      0.94858
ba 2 31        1250      1180      0.95434
ba 2 32        1353      1266      0.94685
ba 2 33        1360      1268      0.93831
ba 2 34        1327      1229      0.94216
ba 2 35        1268      1184      0.94757
ba 2 36        1291      1203      0.93800
ba 2 37        1292      1192      0.93849
ba 2 38        1195      1093      0.94153
ba 2 39        1165      1076      0.94366
ba 2 40        1137      1048      0.93398
ba 2 41        1163      1074      0.92626
ba 2 42        1192      1092      0.93792
ba 2 43        1316      1204      0.93134
ba 2 44        1559      1439      0.94203
ba 2 45        1669      1540      0.93401
ba 2 46        1780      1651      0.93662
ba 2 47        1785      1631      0.92392
ba 2 48        1763      1618      0.93545
ba 2 49        1781      1625      0.93042
ba 2 50        1779      1622      0.93341
ba 2 51        1563      1425      0.93226
ba 2 52        1528      1397      0.92955
ba 2 53        1286      1147      0.92921
ba 2 54        1123       994      0.92415
ba 2 55        1067       944      0.91221
ba 2 56         952       819      0.91292
ba 2 57         969       844      0.91731
ba 2 58         930       807      0.93262
ba 2 59         930       805      0.90251
ba 2 60         984       870      0.90162
ba 2 61         996       839      0.89993
ba 2 62         974       695      0.86574
ba 2 63        1018       610      0.83986
ba 2 64         997       524      0.84706
ba 2 65        1134       460      0.75621
ba 2 66         987       263      0.74321
ba 2 67         942       187      0.60283
ba 2 68         925       137      0.50675
ba 2 69         744       107      0.46740
ba 2 70         537        61      0.39015
ba 2 71         438        47      0.33528
ba 2 72         353        29      0.40396
ba 2 73         257        23      0.37706
ba 2 74         264        23      0.31487
gr 1 24          54        49      0.88963
gr 1 25         159       153      0.89209
gr 1 26         246       239      0.94277
gr 1 27         334       321      0.96800
gr 1 28         310       301      0.97866
gr 1 29         326       316      0.96030
gr 1 30         363       356      0.96892
gr 1 31         403       394      0.98129
gr 1 32         337       331      0.98999
gr 1 33         313       305      0.98428
gr 1 34         275       271      0.98340
gr 1 35         287       276      0.99340
gr 1 36         308       299      0.98419
gr 1 37         346       336      0.98091
gr 1 38         343       334      0.98100
gr 1 39         371       367      0.97556
gr 1 40         376       365      0.98494
gr 1 41         387       376      0.97972
gr 1 42         415       402      0.98550
gr 1 43         415       401      0.98133
gr 1 44         436       421      0.98021
gr 1 45         483       471      0.97817
gr 1 46         510       502      0.98750
gr 1 47         567       554      0.97930
gr 1 48         604       581      0.98489
gr 1 49         614       592      0.97830
gr 1 50         564       547      0.97908
gr 1 51         540       522      0.98022
gr 1 52         524       497      0.97599
gr 1 53         467       440      0.96173
gr 1 54         364       346      0.97540
gr 1 55         277       257      0.97424
gr 1 56         310       296      0.97217
gr 1 57         248       228      0.94605
gr 1 58         265       241      0.95678
gr 1 59         256       230      0.91961
gr 1 60         288       259      0.96265
gr 1 61         310       285      0.95176
gr 1 62         371       301      0.93061
gr 1 63         421       304      0.92094
gr 1 64         491       315      0.88222
gr 1 65         491       261      0.84659
gr 1 66         549       236      0.78915
gr 1 67         639       247      0.64170
gr 1 68         687       218      0.58635
gr 1 69         763       198      0.57806
gr 1 70         712       157      0.53306
gr 1 71         647       137      0.50813
gr 1 72         550        97      0.50389
gr 1 73         632       119      0.45535
gr 1 74         656        99      0.41074
gr 2 23           1         1      0.06670
gr 2 24         283       274      0.90428
gr 2 25         712       678      0.93218
gr 2 26         926       890      0.94405
gr 2 27        1041       996      0.97077
gr 2 28        1143      1098      0.96264
gr 2 29        1097      1061      0.96357
gr 2 30        1141      1103      0.97046
gr 2 31        1108      1048      0.96216
gr 2 32        1062      1018      0.96218
gr 2 33         962       911      0.96972
gr 2 34         844       805      0.96125
gr 2 35         983       944      0.96328
gr 2 36         965       928      0.95337
gr 2 37         958       922      0.95501
gr 2 38         971       935      0.95553
gr 2 39        1076      1021      0.95125
gr 2 40        1034       986      0.95196
gr 2 41        1046       982      0.94895
gr 2 42        1151      1085      0.95922
gr 2 43        1130      1071      0.94518
gr 2 44        1181      1126      0.95404
gr 2 45        1166      1103      0.94811
gr 2 46        1216      1135      0.95302
gr 2 47        1335      1261      0.94692
gr 2 48        1338      1259      0.94533
gr 2 49        1339      1263      0.95283
gr 2 50        1291      1200      0.94101
gr 2 51        1142      1055      0.93824
gr 2 52        1157      1067      0.93823
gr 2 53        1105      1019      0.93507
gr 2 54        1012       929      0.94008
gr 2 55         953       845      0.92589
gr 2 56         895       799      0.91546
gr 2 57         781       706      0.90810
gr 2 58         733       663      0.90405
gr 2 59         769       691      0.90875
gr 2 60         826       734      0.92389
gr 2 61         899       791      0.94146
gr 2 62         981       747      0.88394
gr 2 63        1041       683      0.88329
gr 2 64         955       553      0.84130
gr 2 65        1007       427      0.81968
gr 2 66        1068       315      0.78052
gr 2 67        1207       256      0.61203
gr 2 68        1298       197      0.50801
gr 2 69        1188       158      0.46457
gr 2 70        1062       115      0.42916
gr 2 71        1001       105      0.41747
gr 2 72        1032        97      0.35406
gr 2 73        1135        81      0.37053
gr 2 74        1211        78      0.34100
fa 1 23          14        12      0.53263
fa 1 24          50        46      0.71200
fa 1 25         100        94      0.78878
fa 1 26         146       133      0.87783
fa 1 27         229       225      0.88148
fa 1 28         262       248      0.93589
fa 1 29         295       286      0.94497
fa 1 30         298       292      0.94902
fa 1 31         314       300      0.98022
fa 1 32         299       294      0.98272
fa 1 33         278       265      0.96719
fa 1 34         205       194      0.97437
fa 1 35         221       210      0.96501
fa 1 36         218       213      0.96856
fa 1 37         169       160      0.96439
fa 1 38         201       198      0.98598
fa 1 39         149       141      0.95971
fa 1 40         126       114      0.98548
fa 1 41         127       120      0.96747
fa 1 42         137       133      0.95916
fa 1 43         117       107      0.96959
fa 1 44         109       104      0.98417
fa 1 45         132       126      0.95057
fa 1 46         152       146      0.97019
fa 1 47         176       171      0.99173
fa 1 48         200       193      0.98509
fa 1 49         184       175      0.96750
fa 1 50         219       210      0.97754
fa 1 51         223       211      0.97610
fa 1 52         208       199      0.96271
fa 1 53         199       187      0.97707
fa 1 54         199       189      0.99254
fa 1 55         168       161      0.97421
fa 1 56         168       158      0.96758
fa 1 57         140       128      0.98031
fa 1 58         134       127      0.94150
fa 1 59         112       102      0.94083
fa 1 60          86        77      0.95706
fa 1 61         113       103      0.98667
fa 1 62          78        66      0.89371
fa 1 63          88        68      0.91869
fa 1 64          71        46      0.91333
fa 1 65          67        44      0.87319
fa 1 66          83        48      0.86280
fa 1 67          87        36      0.73797
fa 1 68          67        31      0.73521
fa 1 69          81        30      0.75160
fa 1 70          90        24      0.74265
fa 1 71          85        28      0.60404
fa 1 72          92        28      0.55301
fa 1 73          91        26      0.58196
fa 1 74          87        12      0.48083
fa 2 23          13        12      0.75024
fa 2 24          44        41      0.62611
fa 2 25         136       130      0.83789
fa 2 26         216       201      0.91901
fa 2 27         326       311      0.91681
fa 2 28         348       332      0.94033
fa 2 29         393       373      0.93691
fa 2 30         384       364      0.93377
fa 2 31         378       359      0.94302
fa 2 32         344       325      0.94759
fa 2 33         317       295      0.91763
fa 2 34         322       299      0.94552
fa 2 35         335       308      0.91467
fa 2 36         302       277      0.91882
fa 2 37         302       285      0.92232
fa 2 38         250       234      0.91378
fa 2 39         241       224      0.92055
fa 2 40         276       258      0.92635
fa 2 41         248       235      0.91395
fa 2 42         247       228      0.91654
fa 2 43         220       203      0.92926
fa 2 44         211       196      0.91592
fa 2 45         225       205      0.91754
fa 2 46         259       236      0.94539
fa 2 47         307       282      0.92603
fa 2 48         291       267      0.90648
fa 2 49         334       304      0.93936
fa 2 50         363       333      0.93989
fa 2 51         348       311      0.93791
fa 2 52         337       304      0.93282
fa 2 53         289       251      0.92606
fa 2 54         334       301      0.91976
fa 2 55         325       288      0.90482
fa 2 56         287       260      0.89517
fa 2 57         298       265      0.91122
fa 2 58         278       243      0.91389
fa 2 59         262       231      0.91304
fa 2 60         231       199      0.89872
fa 2 61         238       201      0.89684
fa 2 62         222       164      0.87121
fa 2 63         221       145      0.86213
fa 2 64         198       115      0.81393
fa 2 65         245       126      0.85313
fa 2 66         214        82      0.80034
fa 2 67         199        60      0.66041
fa 2 68         212        53      0.59112
fa 2 69         219        43      0.54346
fa 2 70         208        38      0.49653
fa 2 71         199        34      0.50692
fa 2 72         207        23      0.48430
fa 2 73         235        33      0.38348
fa 2 74         239        24      0.45037
ph 1 24           4         3      0.81137
ph 1 25          19        17      0.89303
ph 1 26          56        51      0.76325
ph 1 27         135       128      0.89208
ph 1 28         199       189      0.90654
ph 1 29         245       238      0.91979
ph 1 30         315       303      0.96421
ph 1 31         374       367      0.94332
ph 1 32         339       329      0.95708
ph 1 33         400       383      0.95010
ph 1 34         315       304      0.95313
ph 1 35         350       336      0.94215
ph 1 36         373       357      0.94380
ph 1 37         352       337      0.96436
ph 1 38         343       327      0.97621
ph 1 39         331       318      0.94490
ph 1 40         356       342      0.95491
ph 1 41         366       350      0.97327
ph 1 42         324       309      0.95142
ph 1 43         386       374      0.95063
ph 1 44         367       343      0.97239
ph 1 45         351       334      0.94557
ph 1 46         384       368      0.96208
ph 1 47         345       336      0.95044
ph 1 48         399       378      0.97165
ph 1 49         379       363      0.96917
ph 1 50         400       384      0.96144
ph 1 51         370       353      0.96399
ph 1 52         399       382      0.96608
ph 1 53         384       364      0.95982
ph 1 54         395       372      0.95395
ph 1 55         353       324      0.96807
ph 1 56         366       348      0.96536
ph 1 57         351       334      0.97086
ph 1 58         312       288      0.94973
ph 1 59         340       316      0.93488
ph 1 60         310       281      0.95185
ph 1 61         266       235      0.93929
ph 1 62         317       278      0.93843
ph 1 63         324       241      0.93220
ph 1 64         340       256      0.92195
ph 1 65         391       263      0.88783
ph 1 66         421       247      0.86269
ph 1 67         507       229      0.81133
ph 1 68         611       223      0.74103
ph 1 69         616       219      0.64302
ph 1 70         674       187      0.53819
ph 1 71         592       121      0.52819
ph 1 72         591       134      0.53692
ph 1 73         529        95      0.42769
ph 1 74         510        79      0.49518
ph 2 24          11        10      0.65805
ph 2 25          50        47      0.73999
ph 2 26          99        93      0.85402
ph 2 27         185       172      0.91035
ph 2 28         240       226      0.92896
ph 2 29         325       305      0.92189
ph 2 30         420       397      0.92591
ph 2 31         454       431      0.92636
ph 2 32         486       462      0.92725
ph 2 33         507       477      0.93538
ph 2 34         503       472      0.93960
ph 2 35         480       457      0.94146
ph 2 36         500       483      0.92994
ph 2 37         509       480      0.91883
ph 2 38         550       516      0.95394
ph 2 39         547       519      0.93268
ph 2 40         557       540      0.94042
ph 2 41         505       483      0.94219
ph 2 42         566       536      0.93456
ph 2 43         558       529      0.94270
ph 2 44         560       533      0.93478
ph 2 45         557       530      0.93142
ph 2 46         667       636      0.93541
ph 2 47         673       636      0.94365
ph 2 48         735       701      0.94087
ph 2 49         749       716      0.95352
ph 2 50         730       696      0.93983
ph 2 51         714       670      0.94498
ph 2 52         752       707      0.94651
ph 2 53         647       612      0.93587
ph 2 54         570       530      0.93570
ph 2 55         581       533      0.92960
ph 2 56         509       458      0.93673
ph 2 57         486       444      0.92207
ph 2 58         428       393      0.93864
ph 2 59         441       400      0.90799
ph 2 60         413       367      0.91637
ph 2 61         383       333      0.92149
ph 2 62         424       348      0.89391
ph 2 63         406       297      0.89827
ph 2 64         331       218      0.88312
ph 2 65         379       200      0.79472
ph 2 66         433       210      0.77305
ph 2 67         451       138      0.73741
ph 2 68         520       123      0.62258
ph 2 69         513       106      0.59939
ph 2 70         429        80      0.41289
ph 2 71         401        61      0.50859
ph 2 72         385        50      0.36795
ph 2 73         314        39      0.34111
ph 2 74         309        31      0.39988
py 1 24           1         1      0.24030
py 1 25           5         5      0.83090
py 1 26          20        19      0.85705
py 1 27          18        16      0.70469
py 1 28          29        26      0.91827
py 1 29          56        51      0.93324
py 1 30          60        59      0.98646
py 1 31          64        62      0.95790
py 1 32          79        78      0.95589
py 1 33          85        82      0.97790
py 1 34          77        75      0.95293
py 1 35          78        76      0.98618
py 1 36          78        76      0.99149
py 1 37          86        83      0.98215
py 1 38         106        98      0.93263
py 1 39         103        99      0.97033
py 1 40         102        97      0.96075
py 1 41         120       115      0.97672
py 1 42         117       116      0.97660
py 1 43         131       130      0.96187
py 1 44         141       139      0.95267
py 1 45         143       139      0.98839
py 1 46         149       144      0.97531
py 1 47         172       168      0.96920
py 1 48         172       163      0.96185
py 1 49         178       172      0.95493
py 1 50         232       222      0.94952
py 1 51         195       188      0.98424
py 1 52         199       194      0.97345
py 1 53         222       215      0.97762
py 1 54         251       233      0.96316
py 1 55         300       286      0.96009
py 1 56         268       250      0.96233
py 1 57         288       269      0.96975
py 1 58         254       234      0.95021
py 1 59         246       230      0.96764
py 1 60         231       211      0.97235
py 1 61         255       229      0.96270
py 1 62         251       202      0.93440
py 1 63         264       191      0.90583
py 1 64         270       180      0.88755
py 1 65         253       140      0.86217
py 1 66         259       130      0.89343
py 1 67         243       104      0.78552
py 1 68         231        72      0.74012
py 1 69         283        82      0.61854
py 1 70         269        50      0.59446
py 1 71         264        67      0.59667
py 1 72         300        66      0.43825
py 1 73         284        54      0.53821
py 1 74         268        39      0.47326
py 2 24           1         1      0.10000
py 2 25           8         8      0.92621
py 2 26          17        17      0.90402
py 2 27          34        33      0.87564
py 2 28          52        52      0.94924
py 2 29          58        56      0.94810
py 2 30          93        87      0.87715
py 2 31         107       100      0.90672
py 2 32         108       106      0.93510
py 2 33         132       125      0.93154
py 2 34         118       113      0.95656
py 2 35         132       121      0.93299
py 2 36         150       142      0.93934
py 2 37         182       173      0.93896
py 2 38         136       132      0.91402
py 2 39         176       162      0.93716
py 2 40         225       209      0.92739
py 2 41         219       208      0.93923
py 2 42         256       241      0.94772
py 2 43         259       246      0.95662
py 2 44         237       226      0.93492
py 2 45         260       239      0.95174
py 2 46         244       230      0.94763
py 2 47         310       298      0.94086
py 2 48         292       281      0.93372
py 2 49         303       295      0.92719
py 2 50         331       313      0.95242
py 2 51         288       275      0.93549
py 2 52         338       308      0.95126
py 2 53         322       302      0.94393
py 2 54         314       291      0.93809
py 2 55         302       275      0.94650
py 2 56         264       236      0.95390
py 2 57         310       291      0.92335
py 2 58         273       250      0.90381
py 2 59         253       226      0.91481
py 2 60         242       209      0.91317
py 2 61         217       188      0.88948
py 2 62         218       187      0.89167
py 2 63         230       155      0.84565
py 2 64         223       147      0.84190
py 2 65         221       119      0.78427
py 2 66         185        83      0.72820
py 2 67         180        57      0.69158
py 2 68         188        46      0.47196
py 2 69         147        32      0.60523
py 2 70         119        20      0.40054
py 2 71         131        18      0.34178
py 2 72         131        23      0.28919
py 2 73         101        12      0.35566
py 2 74         114        12      0.27505
