ba;1;23;9;9;1.00000;0.95337;0.95337;8.58033
ba;1;24;44;42;0.95455;0.90198;0.84765;37.88316
ba;1;25;93;86;0.92473;0.95599;0.89785;82.21514
ba;1;26;124;119;0.95968;0.96447;0.93008;114.77193
ba;1;27;154;148;0.96104;0.95157;0.90516;140.83236
ba;1;28;166;163;0.98193;0.97073;0.92415;158.22899
ba;1;29;193;183;0.94819;0.96170;0.88202;175.99110
ba;1;30;194;185;0.95361;0.97428;0.89118;180.24180
ba;1;31;199;192;0.96482;0.95292;0.86938;182.96064
ba;1;32;195;188;0.96410;0.98357;0.91966;184.91116
ba;1;33;201;197;0.98010;0.98665;0.88900;194.37005
ba;1;34;194;183;0.94330;0.96852;0.86793;177.23916
ba;1;35;192;179;0.93229;0.98804;0.87714;176.85916
ba;1;36;178;174;0.97753;0.98519;0.88268;171.42306
ba;1;37;176;171;0.97159;0.96901;0.88425;165.70071
ba;1;38;141;137;0.97163;0.96129;0.84544;131.69673
ba;1;39;147;140;0.95238;0.95415;0.90812;133.58100
ba;1;40;124;116;0.93548;0.99188;0.90070;115.05808
ba;1;41;102;96;0.94118;0.96556;0.89150;92.69376
ba;1;42;86;83;0.96512;0.94608;0.87205;78.52464
ba;1;43;95;91;0.95789;0.97511;0.92383;88.73501
ba;1;44;124;119;0.95968;0.97694;0.94332;116.25586
ba;1;45;120;116;0.96667;0.96396;0.88242;111.81936
ba;1;46;124;117;0.94355;0.98448;0.93380;115.18416
ba;1;47;141;131;0.92908;0.96439;0.91050;126.33509
ba;1;48;141;135;0.95745;0.98942;0.91863;133.57170
ba;1;49;154;143;0.92857;0.97850;0.92472;139.92550
ba;1;50;153;143;0.93464;0.96025;0.89322;137.31575
ba;1;51;160;148;0.92500;0.97095;0.88823;143.70060
ba;1;52;124;118;0.95161;0.96203;0.86319;113.51954
ba;1;53;121;109;0.90083;0.94468;0.86777;102.97012
ba;1;54;91;81;0.89011;0.94126;0.84258;76.24206
ba;1;55;71;63;0.88732;0.91992;0.85945;57.95496
ba;1;56;48;40;0.83333;0.92264;0.81129;36.90560
ba;1;57;49;47;0.95918;0.99171;0.93615;46.61037
ba;1;58;41;37;0.90244;0.93701;0.83700;34.66937
ba;1;59;60;49;0.81667;0.97020;0.85618;47.53980
ba;1;60;47;42;0.89362;0.96048;0.93667;40.34016
ba;1;61;52;44;0.84615;0.92764;0.78326;40.81616
ba;1;62;43;32;0.74419;0.94020;0.89404;30.08640
ba;1;63;67;47;0.70149;0.85047;0.74409;39.97209
ba;1;64;51;27;0.52941;0.87747;0.82561;23.69169
ba;1;65;67;30;0.44776;0.83549;0.76883;25.06470
ba;1;66;89;31;0.34831;0.87284;0.80226;27.05804
ba;1;67;81;32;0.39506;0.65632;0.65632;21.00224
ba;1;68;68;20;0.29412;0.57406;0.57406;11.48120
ba;1;69;49;12;0.24490;0.58133;0.58133;6.97596
ba;1;70;31;3;0.09677;0.29287;0.29287;0.87861
ba;1;71;28;7;0.25000;0.32946;0.32946;2.30622
ba;1;72;15;2;0.13333;0.70000;0.70000;1.40000
ba;1;73;11;3;0.27273;0.17667;0.17667;0.53001
ba;1;74;8;0;0.00000;;;
ba;2;23;148;140;0.94595;0.91541;0.83928;128.15740
ba;2;24;444;423;0.95270;0.90100;0.80115;381.12300
ba;2;25;727;691;0.95048;0.92899;0.78588;641.93209
ba;2;26;838;795;0.94869;0.93542;0.76724;743.65890
ba;2;27;874;833;0.95309;0.93908;0.72641;782.25364
ba;2;28;976;923;0.94570;0.95144;0.70808;878.17912
ba;2;29;1032;976;0.94574;0.95242;0.73185;929.56192
ba;2;30;1156;1087;0.94031;0.94858;0.72354;1031.10646
ba;2;31;1250;1180;0.94400;0.95434;0.74602;1126.12120
ba;2;32;1353;1266;0.93570;0.94685;0.74171;1198.71210
ba;2;33;1360;1268;0.93235;0.93831;0.74523;1189.77708
ba;2;34;1327;1229;0.92615;0.94216;0.77780;1157.91464
ba;2;35;1268;1184;0.93375;0.94757;0.79066;1121.92288
ba;2;36;1291;1203;0.93184;0.93800;0.78180;1128.41400
ba;2;37;1292;1192;0.92260;0.93849;0.80305;1118.68008
ba;2;38;1195;1093;0.91464;0.94153;0.80393;1029.09229
ba;2;39;1165;1076;0.92361;0.94366;0.80653;1015.37816
ba;2;40;1137;1048;0.92172;0.93398;0.81050;978.81104
ba;2;41;1163;1074;0.92347;0.92626;0.83181;994.80324
ba;2;42;1192;1092;0.91611;0.93792;0.83892;1024.20864
ba;2;43;1316;1204;0.91489;0.93134;0.84086;1121.33336
ba;2;44;1559;1439;0.92303;0.94203;0.84652;1355.58117
ba;2;45;1669;1540;0.92271;0.93401;0.83494;1438.37540
ba;2;46;1780;1651;0.92753;0.93662;0.84731;1546.35962
ba;2;47;1785;1631;0.91373;0.92392;0.83545;1506.91352
ba;2;48;1763;1618;0.91775;0.93545;0.85131;1513.55810
ba;2;49;1781;1625;0.91241;0.93042;0.84960;1511.93250
ba;2;50;1779;1622;0.91175;0.93341;0.84963;1513.99102
ba;2;51;1563;1425;0.91171;0.93226;0.84704;1328.47050
ba;2;52;1528;1397;0.91427;0.92955;0.82880;1298.58135
ba;2;53;1286;1147;0.89191;0.92921;0.83749;1065.80387
ba;2;54;1123;994;0.88513;0.92415;0.83568;918.60510
ba;2;55;1067;944;0.88472;0.91221;0.79621;861.12624
ba;2;56;952;819;0.86029;0.91292;0.82224;747.68148
ba;2;57;969;844;0.87100;0.91731;0.81312;774.20964
ba;2;58;930;807;0.86774;0.93262;0.83179;752.62434
ba;2;59;930;805;0.86559;0.90251;0.80706;726.52055
ba;2;60;984;870;0.88415;0.90162;0.80031;784.40940
ba;2;61;996;839;0.84237;0.89993;0.80539;755.04127
ba;2;62;974;695;0.71355;0.86574;0.77901;601.68930
ba;2;63;1018;610;0.59921;0.83986;0.76786;512.31460
ba;2;64;997;524;0.52558;0.84706;0.77634;443.85944
ba;2;65;1134;460;0.40564;0.75621;0.66415;347.85660
ba;2;66;987;263;0.26646;0.74321;0.64857;195.46423
ba;2;67;942;187;0.19851;0.60283;0.56513;112.72921
ba;2;68;925;137;0.14811;0.50675;0.50383;69.42475
ba;2;69;744;107;0.14382;0.46740;0.46740;50.01180
ba;2;70;537;61;0.11359;0.39015;0.39015;23.79915
ba;2;71;438;47;0.10731;0.33528;0.33528;15.75816
ba;2;72;353;29;0.08215;0.40396;0.40396;11.71484
ba;2;73;257;23;0.08949;0.37706;0.37706;8.67238
ba;2;74;264;23;0.08712;0.31487;0.31487;7.24201
fa;1;23;14;12;0.85714;0.53263;0.53263;6.39156
fa;1;24;50;46;0.92000;0.71200;0.71200;32.75200
fa;1;25;100;94;0.94000;0.78878;0.77452;74.14532
fa;1;26;146;133;0.91096;0.87783;0.84550;116.75139
fa;1;27;229;225;0.98253;0.88148;0.84853;198.33300
fa;1;28;262;248;0.94656;0.93589;0.90646;232.10072
fa;1;29;295;286;0.96949;0.94497;0.89572;270.26142
fa;1;30;298;292;0.97987;0.94902;0.90591;277.11384
fa;1;31;314;300;0.95541;0.98022;0.90704;294.06600
fa;1;32;299;294;0.98328;0.98272;0.89854;288.91968
fa;1;33;278;265;0.95324;0.96719;0.91036;256.30535
fa;1;34;205;194;0.94634;0.97437;0.89029;189.02778
fa;1;35;221;210;0.95023;0.96501;0.90917;202.65210
fa;1;36;218;213;0.97706;0.96856;0.91712;206.30328
fa;1;37;169;160;0.94675;0.96439;0.90062;154.30240
fa;1;38;201;198;0.98507;0.98598;0.89479;195.22404
fa;1;39;149;141;0.94631;0.95971;0.87466;135.31911
fa;1;40;126;114;0.90476;0.98548;0.88607;112.34472
fa;1;41;127;120;0.94488;0.96747;0.91747;116.09640
fa;1;42;137;133;0.97080;0.95916;0.89339;127.56828
fa;1;43;117;107;0.91453;0.96959;0.93605;103.74613
fa;1;44;109;104;0.95413;0.98417;0.92063;102.35368
fa;1;45;132;126;0.95455;0.95057;0.88240;119.77182
fa;1;46;152;146;0.96053;0.97019;0.93672;141.64774
fa;1;47;176;171;0.97159;0.99173;0.94216;169.58583
fa;1;48;200;193;0.96500;0.98509;0.95270;190.12237
fa;1;49;184;175;0.95109;0.96750;0.92434;169.31250
fa;1;50;219;210;0.95890;0.97754;0.91893;205.28340
fa;1;51;223;211;0.94619;0.97610;0.94266;205.95710
fa;1;52;208;199;0.95673;0.96271;0.92013;191.57929
fa;1;53;199;187;0.93970;0.97707;0.94660;182.71209
fa;1;54;199;189;0.94975;0.99254;0.95303;187.59006
fa;1;55;168;161;0.95833;0.97421;0.93601;156.84781
fa;1;56;168;158;0.94048;0.96758;0.92772;152.87764
fa;1;57;140;128;0.91429;0.98031;0.93621;125.47968
fa;1;58;134;127;0.94776;0.94150;0.86066;119.57050
fa;1;59;112;102;0.91071;0.94083;0.87954;95.96466
fa;1;60;86;77;0.89535;0.95706;0.88498;73.69362
fa;1;61;113;103;0.91150;0.98667;0.91706;101.62701
fa;1;62;78;66;0.84615;0.89371;0.78040;58.98486
fa;1;63;88;68;0.77273;0.91869;0.81769;62.47092
fa;1;64;71;46;0.64789;0.91333;0.83006;42.01318
fa;1;65;67;44;0.65672;0.87319;0.83546;38.42036
fa;1;66;83;48;0.57831;0.86280;0.79613;41.41440
fa;1;67;87;36;0.41379;0.73797;0.73797;26.56692
fa;1;68;67;31;0.46269;0.73521;0.73521;22.79151
fa;1;69;81;30;0.37037;0.75160;0.72588;22.54800
fa;1;70;90;24;0.26667;0.74265;0.74265;17.82360
fa;1;71;85;28;0.32941;0.60404;0.60404;16.91312
fa;1;72;92;28;0.30435;0.55301;0.55301;15.48428
fa;1;73;91;26;0.28571;0.58196;0.58196;15.13096
fa;1;74;87;12;0.13793;0.48083;0.48083;5.76996
fa;2;23;13;12;0.92308;0.75024;0.58358;9.00288
fa;2;24;44;41;0.93182;0.62611;0.62318;25.67051
fa;2;25;136;130;0.95588;0.83789;0.79103;108.92570
fa;2;26;216;201;0.93056;0.91901;0.87758;184.72101
fa;2;27;326;311;0.95399;0.91681;0.80177;285.12791
fa;2;28;348;332;0.95402;0.94033;0.78274;312.18956
fa;2;29;393;373;0.94911;0.93691;0.78178;349.46743
fa;2;30;384;364;0.94792;0.93377;0.75428;339.89228
fa;2;31;378;359;0.94974;0.94302;0.80021;338.54418
fa;2;32;344;325;0.94477;0.94759;0.76279;307.96675
fa;2;33;317;295;0.93060;0.91763;0.70249;270.70085
fa;2;34;322;299;0.92857;0.94552;0.76024;282.71048
fa;2;35;335;308;0.91940;0.91467;0.76414;281.71836
fa;2;36;302;277;0.91722;0.91882;0.79833;254.51314
fa;2;37;302;285;0.94371;0.92232;0.79338;262.86120
fa;2;38;250;234;0.93600;0.91378;0.80626;213.82452
fa;2;39;241;224;0.92946;0.92055;0.81245;206.20320
fa;2;40;276;258;0.93478;0.92635;0.83500;238.99830
fa;2;41;248;235;0.94758;0.91395;0.81394;214.77825
fa;2;42;247;228;0.92308;0.91654;0.80884;208.97112
fa;2;43;220;203;0.92273;0.92926;0.86194;188.63978
fa;2;44;211;196;0.92891;0.91592;0.82617;179.52032
fa;2;45;225;205;0.91111;0.91754;0.83523;188.09570
fa;2;46;259;236;0.91120;0.94539;0.85274;223.11204
fa;2;47;307;282;0.91857;0.92603;0.85219;261.14046
fa;2;48;291;267;0.91753;0.90648;0.86082;242.03016
fa;2;49;334;304;0.91018;0.93936;0.84976;285.56544
fa;2;50;363;333;0.91736;0.93989;0.87735;312.98337
fa;2;51;348;311;0.89368;0.93791;0.84452;291.69001
fa;2;52;337;304;0.90208;0.93282;0.85444;283.57728
fa;2;53;289;251;0.86851;0.92606;0.84902;232.44106
fa;2;54;334;301;0.90120;0.91976;0.83432;276.84776
fa;2;55;325;288;0.88615;0.90482;0.83786;260.58816
fa;2;56;287;260;0.90592;0.89517;0.83243;232.74420
fa;2;57;298;265;0.88926;0.91122;0.82233;241.47330
fa;2;58;278;243;0.87410;0.91389;0.83531;222.07527
fa;2;59;262;231;0.88168;0.91304;0.83305;210.91224
fa;2;60;231;199;0.86147;0.89872;0.83849;178.84528
fa;2;61;238;201;0.84454;0.89684;0.80946;180.26484
fa;2;62;222;164;0.73874;0.87121;0.78503;142.87844
fa;2;63;221;145;0.65611;0.86213;0.82768;125.00885
fa;2;64;198;115;0.58081;0.81393;0.74272;93.60195
fa;2;65;245;126;0.51429;0.85313;0.73008;107.49438
fa;2;66;214;82;0.38318;0.80034;0.70901;65.62788
fa;2;67;199;60;0.30151;0.66041;0.64583;39.62460
fa;2;68;212;53;0.25000;0.59112;0.59112;31.32936
fa;2;69;219;43;0.19635;0.54346;0.52020;23.36878
fa;2;70;208;38;0.18269;0.49653;0.49653;18.86814
fa;2;71;199;34;0.17085;0.50692;0.50692;17.23528
fa;2;72;207;23;0.11111;0.48430;0.48430;11.13890
fa;2;73;235;33;0.14043;0.38348;0.38348;12.65484
fa;2;74;239;24;0.10042;0.45037;0.45037;10.80888
gr;1;24;54;49;0.90741;0.88963;0.87717;43.59187
gr;1;25;159;153;0.96226;0.89209;0.87108;136.48977
gr;1;26;246;239;0.97154;0.94277;0.90039;225.32203
gr;1;27;334;321;0.96108;0.96800;0.92185;310.72800
gr;1;28;310;301;0.97097;0.97866;0.92352;294.57666
gr;1;29;326;316;0.96933;0.96030;0.90005;303.45480
gr;1;30;363;356;0.98072;0.96892;0.88038;344.93552
gr;1;31;403;394;0.97767;0.98129;0.89507;386.62826
gr;1;32;337;331;0.98220;0.98999;0.92107;327.68669
gr;1;33;313;305;0.97444;0.98428;0.88280;300.20540
gr;1;34;275;271;0.98545;0.98340;0.87861;266.50140
gr;1;35;287;276;0.96167;0.99340;0.88749;274.17840
gr;1;36;308;299;0.97078;0.98419;0.87892;294.27281
gr;1;37;346;336;0.97110;0.98091;0.89001;329.58576
gr;1;38;343;334;0.97376;0.98100;0.90742;327.65400
gr;1;39;371;367;0.98922;0.97556;0.90344;358.03052
gr;1;40;376;365;0.97074;0.98494;0.93674;359.50310
gr;1;41;387;376;0.97158;0.97972;0.90976;368.37472
gr;1;42;415;402;0.96867;0.98550;0.93179;396.17100
gr;1;43;415;401;0.96627;0.98133;0.92234;393.51333
gr;1;44;436;421;0.96560;0.98021;0.92309;412.66841
gr;1;45;483;471;0.97516;0.97817;0.93348;460.71807
gr;1;46;510;502;0.98431;0.98750;0.92655;495.72500
gr;1;47;567;554;0.97707;0.97930;0.91328;542.53220
gr;1;48;604;581;0.96192;0.98489;0.93553;572.22109
gr;1;49;614;592;0.96417;0.97830;0.94443;579.15360
gr;1;50;564;547;0.96986;0.97908;0.92920;535.55676
gr;1;51;540;522;0.96667;0.98022;0.93003;511.67484
gr;1;52;524;497;0.94847;0.97599;0.93003;485.06703
gr;1;53;467;440;0.94218;0.96173;0.91721;423.16120
gr;1;54;364;346;0.95055;0.97540;0.93355;337.48840
gr;1;55;277;257;0.92780;0.97424;0.91149;250.37968
gr;1;56;310;296;0.95484;0.97217;0.91718;287.76232
gr;1;57;248;228;0.91935;0.94605;0.87166;215.69940
gr;1;58;265;241;0.90943;0.95678;0.86816;230.58398
gr;1;59;256;230;0.89844;0.91961;0.85520;211.51030
gr;1;60;288;259;0.89931;0.96265;0.90876;249.32635
gr;1;61;310;285;0.91935;0.95176;0.91324;271.25160
gr;1;62;371;301;0.81132;0.93061;0.86727;280.11361
gr;1;63;421;304;0.72209;0.92094;0.86296;279.96576
gr;1;64;491;315;0.64155;0.88222;0.82143;277.89930
gr;1;65;491;261;0.53157;0.84659;0.81062;220.95999
gr;1;66;549;236;0.42987;0.78915;0.72034;186.23940
gr;1;67;639;247;0.38654;0.64170;0.62269;158.49990
gr;1;68;687;218;0.31732;0.58635;0.57322;127.82430
gr;1;69;763;198;0.25950;0.57806;0.56796;114.45588
gr;1;70;712;157;0.22051;0.53306;0.53306;83.69042
gr;1;71;647;137;0.21175;0.50813;0.50813;69.61381
gr;1;72;550;97;0.17636;0.50389;0.50389;48.87733
gr;1;73;632;119;0.18829;0.45535;0.45535;54.18665
gr;1;74;656;99;0.15091;0.41074;0.41074;40.66326
gr;2;23;1;1;1.00000;0.06670;0.06670;0.06670
gr;2;24;283;274;0.96820;0.90428;0.82547;247.77272
gr;2;25;712;678;0.95225;0.93218;0.84799;632.01804
gr;2;26;926;890;0.96112;0.94405;0.84803;840.20450
gr;2;27;1041;996;0.95677;0.97077;0.80453;966.88692
gr;2;28;1143;1098;0.96063;0.96264;0.76674;1056.97872
gr;2;29;1097;1061;0.96718;0.96357;0.74749;1022.34777
gr;2;30;1141;1103;0.96670;0.97046;0.75427;1070.41738
gr;2;31;1108;1048;0.94585;0.96216;0.75914;1008.34368
gr;2;32;1062;1018;0.95857;0.96218;0.73638;979.49924
gr;2;33;962;911;0.94699;0.96972;0.78464;883.41492
gr;2;34;844;805;0.95379;0.96125;0.76137;773.80625
gr;2;35;983;944;0.96033;0.96328;0.79596;909.33632
gr;2;36;965;928;0.96166;0.95337;0.81079;884.72736
gr;2;37;958;922;0.96242;0.95501;0.82067;880.51922
gr;2;38;971;935;0.96292;0.95553;0.83357;893.42055
gr;2;39;1076;1021;0.94888;0.95125;0.85468;971.22625
gr;2;40;1034;986;0.95358;0.95196;0.84862;938.63256
gr;2;41;1046;982;0.93881;0.94895;0.86648;931.86890
gr;2;42;1151;1085;0.94266;0.95922;0.87735;1040.75370
gr;2;43;1130;1071;0.94779;0.94518;0.86431;1012.28778
gr;2;44;1181;1126;0.95343;0.95404;0.87646;1074.24904
gr;2;45;1166;1103;0.94597;0.94811;0.87424;1045.76533
gr;2;46;1216;1135;0.93339;0.95302;0.85780;1081.67770
gr;2;47;1335;1261;0.94457;0.94692;0.87221;1194.06612
gr;2;48;1338;1259;0.94096;0.94533;0.87164;1190.17047
gr;2;49;1339;1263;0.94324;0.95283;0.87483;1203.42429
gr;2;50;1291;1200;0.92951;0.94101;0.85598;1129.21200
gr;2;51;1142;1055;0.92382;0.93824;0.85430;989.84320
gr;2;52;1157;1067;0.92221;0.93823;0.86898;1001.09141
gr;2;53;1105;1019;0.92217;0.93507;0.85957;952.83633
gr;2;54;1012;929;0.91798;0.94008;0.87132;873.33432
gr;2;55;953;845;0.88667;0.92589;0.85715;782.37705
gr;2;56;895;799;0.89274;0.91546;0.82087;731.45254
gr;2;57;781;706;0.90397;0.90810;0.83246;641.11860
gr;2;58;733;663;0.90450;0.90405;0.81588;599.38515
gr;2;59;769;691;0.89857;0.90875;0.83554;627.94625
gr;2;60;826;734;0.88862;0.92389;0.85853;678.13526
gr;2;61;899;791;0.87987;0.94146;0.86544;744.69486
gr;2;62;981;747;0.76147;0.88394;0.80206;660.30318
gr;2;63;1041;683;0.65610;0.88329;0.81679;603.28707
gr;2;64;955;553;0.57906;0.84130;0.75260;465.23890
gr;2;65;1007;427;0.42403;0.81968;0.74764;350.00336
gr;2;66;1068;315;0.29494;0.78052;0.70580;245.86380
gr;2;67;1207;256;0.21210;0.61203;0.58812;156.67968
gr;2;68;1298;197;0.15177;0.50801;0.49972;100.07797
gr;2;69;1188;158;0.13300;0.46457;0.45951;73.40206
gr;2;70;1062;115;0.10829;0.42916;0.42916;49.35340
gr;2;71;1001;105;0.10490;0.41747;0.41747;43.83435
gr;2;72;1032;97;0.09399;0.35406;0.35406;34.34382
gr;2;73;1135;81;0.07137;0.37053;0.37053;30.01293
gr;2;74;1211;78;0.06441;0.34100;0.34100;26.59800
ph;1;24;4;3;0.75000;0.81137;0.81137;2.43411
ph;1;25;19;17;0.89474;0.89303;0.89303;15.18151
ph;1;26;56;51;0.91071;0.76325;0.74409;38.92575
ph;1;27;135;128;0.94815;0.89208;0.86476;114.18624
ph;1;28;199;189;0.94975;0.90654;0.86216;171.33606
ph;1;29;245;238;0.97143;0.91979;0.88704;218.91002
ph;1;30;315;303;0.96190;0.96421;0.91345;292.15563
ph;1;31;374;367;0.98128;0.94332;0.87521;346.19844
ph;1;32;339;329;0.97050;0.95708;0.89323;314.87932
ph;1;33;400;383;0.95750;0.95010;0.88050;363.88830
ph;1;34;315;304;0.96508;0.95313;0.87498;289.75152
ph;1;35;350;336;0.96000;0.94215;0.86261;316.56240
ph;1;36;373;357;0.95710;0.94380;0.88091;336.93660
ph;1;37;352;337;0.95739;0.96436;0.89890;324.98932
ph;1;38;343;327;0.95335;0.97621;0.88041;319.22067
ph;1;39;331;318;0.96073;0.94490;0.89091;300.47820
ph;1;40;356;342;0.96067;0.95491;0.90486;326.57922
ph;1;41;366;350;0.95628;0.97327;0.92192;340.64450
ph;1;42;324;309;0.95370;0.95142;0.88567;293.98878
ph;1;43;386;374;0.96891;0.95063;0.91053;355.53562
ph;1;44;367;343;0.93460;0.97239;0.92808;333.52977
ph;1;45;351;334;0.95157;0.94557;0.89283;315.82038
ph;1;46;384;368;0.95833;0.96208;0.90523;354.04544
ph;1;47;345;336;0.97391;0.95044;0.91808;319.34784
ph;1;48;399;378;0.94737;0.97165;0.93735;367.28370
ph;1;49;379;363;0.95778;0.96917;0.92155;351.80871
ph;1;50;400;384;0.96000;0.96144;0.91888;369.19296
ph;1;51;370;353;0.95405;0.96399;0.92642;340.28847
ph;1;52;399;382;0.95739;0.96608;0.91508;369.04256
ph;1;53;384;364;0.94792;0.95982;0.92930;349.37448
ph;1;54;395;372;0.94177;0.95395;0.89885;354.86940
ph;1;55;353;324;0.91785;0.96807;0.92770;313.65468
ph;1;56;366;348;0.95082;0.96536;0.92545;335.94528
ph;1;57;351;334;0.95157;0.97086;0.92702;324.26724
ph;1;58;312;288;0.92308;0.94973;0.91610;273.52224
ph;1;59;340;316;0.92941;0.93488;0.90450;295.42208
ph;1;60;310;281;0.90645;0.95185;0.91698;267.46985
ph;1;61;266;235;0.88346;0.93929;0.89510;220.73315
ph;1;62;317;278;0.87697;0.93843;0.87391;260.88354
ph;1;63;324;241;0.74383;0.93220;0.89957;224.66020
ph;1;64;340;256;0.75294;0.92195;0.89075;236.01920
ph;1;65;391;263;0.67263;0.88783;0.83186;233.49929
ph;1;66;421;247;0.58670;0.86269;0.84457;213.08443
ph;1;67;507;229;0.45168;0.81133;0.78630;185.79457
ph;1;68;611;223;0.36498;0.74103;0.72381;165.24969
ph;1;69;616;219;0.35552;0.64302;0.62369;140.82138
ph;1;70;674;187;0.27745;0.53819;0.53819;100.64153
ph;1;71;592;121;0.20439;0.52819;0.52819;63.91099
ph;1;72;591;134;0.22673;0.53692;0.53692;71.94728
ph;1;73;529;95;0.17958;0.42769;0.42769;40.63055
ph;1;74;510;79;0.15490;0.49518;0.49518;39.11922
ph;2;24;11;10;0.90909;0.65805;0.65805;6.58050
ph;2;25;50;47;0.94000;0.73999;0.69744;34.77953
ph;2;26;99;93;0.93939;0.85402;0.81915;79.42386
ph;2;27;185;172;0.92973;0.91035;0.81476;156.58020
ph;2;28;240;226;0.94167;0.92896;0.83807;209.94496
ph;2;29;325;305;0.93846;0.92189;0.80365;281.17645
ph;2;30;420;397;0.94524;0.92591;0.75973;367.58627
ph;2;31;454;431;0.94934;0.92636;0.76130;399.26116
ph;2;32;486;462;0.95062;0.92725;0.74355;428.38950
ph;2;33;507;477;0.94083;0.93538;0.74081;446.17626
ph;2;34;503;472;0.93837;0.93960;0.78652;443.49120
ph;2;35;480;457;0.95208;0.94146;0.76237;430.24722
ph;2;36;500;483;0.96600;0.92994;0.81088;449.16102
ph;2;37;509;480;0.94303;0.91883;0.79024;441.03840
ph;2;38;550;516;0.93818;0.95394;0.84908;492.23304
ph;2;39;547;519;0.94881;0.93268;0.83479;484.06092
ph;2;40;557;540;0.96948;0.94042;0.85267;507.82680
ph;2;41;505;483;0.95644;0.94219;0.86919;455.07777
ph;2;42;566;536;0.94700;0.93456;0.86825;500.92416
ph;2;43;558;529;0.94803;0.94270;0.88306;498.68830
ph;2;44;560;533;0.95179;0.93478;0.85329;498.23774
ph;2;45;557;530;0.95153;0.93142;0.87506;493.65260
ph;2;46;667;636;0.95352;0.93541;0.87521;594.92076
ph;2;47;673;636;0.94502;0.94365;0.88957;600.16140
ph;2;48;735;701;0.95374;0.94087;0.88704;659.54987
ph;2;49;749;716;0.95594;0.95352;0.89928;682.72032
ph;2;50;730;696;0.95342;0.93983;0.87629;654.12168
ph;2;51;714;670;0.93838;0.94498;0.87799;633.13660
ph;2;52;752;707;0.94016;0.94651;0.89987;669.18257
ph;2;53;647;612;0.94590;0.93587;0.88065;572.75244
ph;2;54;570;530;0.92982;0.93570;0.87947;495.92100
ph;2;55;581;533;0.91738;0.92960;0.88266;495.47680
ph;2;56;509;458;0.89980;0.93673;0.87627;429.02234
ph;2;57;486;444;0.91358;0.92207;0.85318;409.39908
ph;2;58;428;393;0.91822;0.93864;0.85281;368.88552
ph;2;59;441;400;0.90703;0.90799;0.84201;363.19600
ph;2;60;413;367;0.88862;0.91637;0.87803;336.30779
ph;2;61;383;333;0.86945;0.92149;0.83938;306.85617
ph;2;62;424;348;0.82075;0.89391;0.81085;311.08068
ph;2;63;406;297;0.73153;0.89827;0.83857;266.78619
ph;2;64;331;218;0.65861;0.88312;0.82226;192.52016
ph;2;65;379;200;0.52770;0.79472;0.74960;158.94400
ph;2;66;433;210;0.48499;0.77305;0.71561;162.34050
ph;2;67;451;138;0.30599;0.73741;0.71672;101.76258
ph;2;68;520;123;0.23654;0.62258;0.60688;76.57734
ph;2;69;513;106;0.20663;0.59939;0.58760;63.53534
ph;2;70;429;80;0.18648;0.41289;0.41289;33.03120
ph;2;71;401;61;0.15212;0.50859;0.50859;31.02399
ph;2;72;385;50;0.12987;0.36795;0.36795;18.39750
ph;2;73;314;39;0.12420;0.34111;0.34111;13.30329
ph;2;74;309;31;0.10032;0.39988;0.39988;12.39628
py;1;24;1;1;1.00000;0.24030;0.24030;0.24030
py;1;25;5;5;1.00000;0.83090;0.83090;4.15450
py;1;26;20;19;0.95000;0.85705;0.85705;16.28395
py;1;27;18;16;0.88889;0.70469;0.70469;11.27504
py;1;28;29;26;0.89655;0.91827;0.87981;23.87502
py;1;29;56;51;0.91071;0.93324;0.90299;47.59524
py;1;30;60;59;0.98333;0.98646;0.95257;58.20114
py;1;31;64;62;0.96875;0.95790;0.85581;59.38980
py;1;32;79;78;0.98734;0.95589;0.86205;74.55942
py;1;33;85;82;0.96471;0.97790;0.87195;80.18780
py;1;34;77;75;0.97403;0.95293;0.87293;71.46975
py;1;35;78;76;0.97436;0.98618;0.88908;74.94968
py;1;36;78;76;0.97436;0.99149;0.92052;75.35324
py;1;37;86;83;0.96512;0.98215;0.91713;81.51845
py;1;38;106;98;0.92453;0.93263;0.85980;91.39774
py;1;39;103;99;0.96117;0.97033;0.84553;96.06267
py;1;40;102;97;0.95098;0.96075;0.89271;93.19275
py;1;41;120;115;0.95833;0.97672;0.87337;112.32280
py;1;42;117;116;0.99145;0.97660;0.92056;113.28560
py;1;43;131;130;0.99237;0.96187;0.93411;125.04310
py;1;44;141;139;0.98582;0.95267;0.91601;132.42113
py;1;45;143;139;0.97203;0.98839;0.90334;137.38621
py;1;46;149;144;0.96644;0.97531;0.93781;140.44464
py;1;47;172;168;0.97674;0.96920;0.91827;162.82560
py;1;48;172;163;0.94767;0.96185;0.91524;156.78155
py;1;49;178;172;0.96629;0.95493;0.92429;164.24796
py;1;50;232;222;0.95690;0.94952;0.88519;210.79344
py;1;51;195;188;0.96410;0.98424;0.95650;185.03712
py;1;52;199;194;0.97487;0.97345;0.94640;188.84930
py;1;53;222;215;0.96847;0.97762;0.91223;210.18830
py;1;54;251;233;0.92829;0.96316;0.92132;224.41628
py;1;55;300;286;0.95333;0.96009;0.91595;274.58574
py;1;56;268;250;0.93284;0.96233;0.90250;240.58250
py;1;57;288;269;0.93403;0.96975;0.90094;260.86275
py;1;58;254;234;0.92126;0.95021;0.87376;222.34914
py;1;59;246;230;0.93496;0.96764;0.91502;222.55720
py;1;60;231;211;0.91342;0.97235;0.93595;205.16585
py;1;61;255;229;0.89804;0.96270;0.91625;220.45830
py;1;62;251;202;0.80478;0.93440;0.87460;188.74880
py;1;63;264;191;0.72348;0.90583;0.84086;173.01353
py;1;64;270;180;0.66667;0.88755;0.82032;159.75900
py;1;65;253;140;0.55336;0.86217;0.79672;120.70380
py;1;66;259;130;0.50193;0.89343;0.81477;116.14590
py;1;67;243;104;0.42798;0.78552;0.72095;81.69408
py;1;68;231;72;0.31169;0.74012;0.71235;53.28864
py;1;69;283;82;0.28975;0.61854;0.60024;50.72028
py;1;70;269;50;0.18587;0.59446;0.59446;29.72300
py;1;71;264;67;0.25379;0.59667;0.59667;39.97689
py;1;72;300;66;0.22000;0.43825;0.43825;28.92450
py;1;73;284;54;0.19014;0.53821;0.53821;29.06334
py;1;74;268;39;0.14552;0.47326;0.47326;18.45714
py;2;24;1;1;1.00000;0.10000;0.10000;0.10000
py;2;25;8;8;1.00000;0.92621;0.82621;7.40968
py;2;26;17;17;1.00000;0.90402;0.84520;15.36834
py;2;27;34;33;0.97059;0.87564;0.75708;28.89612
py;2;28;52;52;1.00000;0.94924;0.88209;49.36048
py;2;29;58;56;0.96552;0.94810;0.82725;53.09360
py;2;30;93;87;0.93548;0.87715;0.71883;76.31205
py;2;31;107;100;0.93458;0.90672;0.69169;90.67200
py;2;32;108;106;0.98148;0.93510;0.74731;99.12060
py;2;33;132;125;0.94697;0.93154;0.78571;116.44250
py;2;34;118;113;0.95763;0.95656;0.82625;108.09128
py;2;35;132;121;0.91667;0.93299;0.78059;112.89179
py;2;36;150;142;0.94667;0.93934;0.79778;133.38628
py;2;37;182;173;0.95055;0.93896;0.87088;162.44008
py;2;38;136;132;0.97059;0.91402;0.79103;120.65064
py;2;39;176;162;0.92045;0.93716;0.84515;151.81992
py;2;40;225;209;0.92889;0.92739;0.84518;193.82451
py;2;41;219;208;0.94977;0.93923;0.85760;195.35984
py;2;42;256;241;0.94141;0.94772;0.84111;228.40052
py;2;43;259;246;0.94981;0.95662;0.88905;235.32852
py;2;44;237;226;0.95359;0.93492;0.87616;211.29192
py;2;45;260;239;0.91923;0.95174;0.88419;227.46586
py;2;46;244;230;0.94262;0.94763;0.88480;217.95490
py;2;47;310;298;0.96129;0.94086;0.85385;280.37628
py;2;48;292;281;0.96233;0.93372;0.84824;262.37532
py;2;49;303;295;0.97360;0.92719;0.88872;273.52105
py;2;50;331;313;0.94562;0.95242;0.87727;298.10746
py;2;51;288;275;0.95486;0.93549;0.86389;257.25975
py;2;52;338;308;0.91124;0.95126;0.86947;292.98808
py;2;53;322;302;0.93789;0.94393;0.88212;285.06686
py;2;54;314;291;0.92675;0.93809;0.84687;272.98419
py;2;55;302;275;0.91060;0.94650;0.88779;260.28750
py;2;56;264;236;0.89394;0.95390;0.88480;225.12040
py;2;57;310;291;0.93871;0.92335;0.84153;268.69485
py;2;58;273;250;0.91575;0.90381;0.84620;225.95250
py;2;59;253;226;0.89328;0.91481;0.83955;206.74706
py;2;60;242;209;0.86364;0.91317;0.82680;190.85253
py;2;61;217;188;0.86636;0.88948;0.81780;167.22224
py;2;62;218;187;0.85780;0.89167;0.82130;166.74229
py;2;63;230;155;0.67391;0.84565;0.78093;131.07575
py;2;64;223;147;0.65919;0.84190;0.76625;123.75930
py;2;65;221;119;0.53846;0.78427;0.70309;93.32813
py;2;66;185;83;0.44865;0.72820;0.63874;60.44060
py;2;67;180;57;0.31667;0.69158;0.64589;39.42006
py;2;68;188;46;0.24468;0.47196;0.45787;21.71016
py;2;69;147;32;0.21769;0.60523;0.60523;19.36736
py;2;70;119;20;0.16807;0.40054;0.40054;8.01080
py;2;71;131;18;0.13740;0.34178;0.34178;6.15204
py;2;72;131;23;0.17557;0.28919;0.28919;6.65137
py;2;73;101;12;0.11881;0.35566;0.35566;4.26792
py;2;74;114;12;0.10526;0.27505;0.27505;3.30060
