ba 18 0.0000 0.0000 0.0000
ba 19 0.0951 0.0099 0.0852
ba 20 0.1358 0.0227 0.1130
ba 21 0.1486 0.0323 0.1162
ba 22 0.0877 0.0208 0.0669
ba 23 0.0762 0.0199 0.0564
ba 24 0.0535 0.0118 0.0416
ba 25 0.0445 0.0122 0.0323
ba 26 0.0330 0.0061 0.0269
ba 27 0.0301 0.0074 0.0227
ba 28 0.0311 0.0077 0.0234
ba 29 0.0211 0.0045 0.0167
ba 30 0.0227 0.0032 0.0195
ba 31 0.0247 0.0032 0.0215
ba 32 0.0192 0.0035 0.0157
ba 33 0.0183 0.0019 0.0163
ba 34 0.0160 0.0032 0.0128
ba 35 0.0154 0.0022 0.0131
ba 36 0.0131 0.0016 0.0115
ba 37 0.0128 0.0022 0.0106
ba 38 0.0131 0.0026 0.0106
ba 39 0.0150 0.0019 0.0131
ba 40 0.0077 0.0010 0.0067
ba 41 0.0061 0.0016 0.0045
ba 42 0.0048 0.0000 0.0048
ba 43 0.0074 0.0000 0.0074
ba 44 0.0086 0.0010 0.0077
ba 45 0.0074 0.0010 0.0064
ba 46 0.0054 0.0003 0.0051
ba 47 0.0045 0.0000 0.0045
ba 48 0.0035 0.0003 0.0032
ba 49 0.0035 0.0003 0.0032
ba 50 0.0032 0.0006 0.0026
ba 51 0.0032 0.0000 0.0032
ba 52 0.0019 0.0000 0.0019
ba 53 0.0016 0.0000 0.0016
ba 54 0.0013 0.0003 0.0010
ba 55 0.0006 0.0000 0.0006
ba 56 0.0006 0.0000 0.0006
ba 57 0.0000 0.0000 0.0000
ba 58 0.0003 0.0000 0.0003
ba 59 0.0003 0.0000 0.0003
ba 60 0.0003 0.0000 0.0003
ba 61 0.0003 0.0000 0.0003
ba 62 0.0003 0.0000 0.0003
ba 64 0.0000 0.0000 0.0000
gr 18 0.0007 0.0000 0.0007
gr 19 0.1901 0.0389 0.1512
gr 20 0.2332 0.0560 0.1773
gr 21 0.1832 0.0640 0.1192
gr 22 0.0911 0.0355 0.0556
gr 23 0.0469 0.0216 0.0254
gr 24 0.0313 0.0104 0.0209
gr 25 0.0295 0.0104 0.0191
gr 26 0.0229 0.0090 0.0139
gr 27 0.0198 0.0070 0.0129
gr 28 0.0163 0.0066 0.0097
gr 29 0.0125 0.0059 0.0066
gr 30 0.0125 0.0045 0.0080
gr 31 0.0101 0.0049 0.0052
gr 32 0.0094 0.0038 0.0056
gr 33 0.0097 0.0028 0.0070
gr 34 0.0076 0.0035 0.0042
gr 35 0.0059 0.0007 0.0052
gr 36 0.0035 0.0010 0.0024
gr 37 0.0049 0.0010 0.0038
gr 38 0.0045 0.0014 0.0031
gr 39 0.0056 0.0003 0.0052
gr 40 0.0052 0.0014 0.0038
gr 41 0.0045 0.0017 0.0028
gr 42 0.0035 0.0003 0.0031
gr 43 0.0042 0.0021 0.0021
gr 44 0.0052 0.0017 0.0035
gr 45 0.0014 0.0003 0.0010
gr 46 0.0024 0.0003 0.0021
gr 47 0.0038 0.0017 0.0021
gr 48 0.0017 0.0007 0.0010
gr 49 0.0028 0.0010 0.0017
gr 50 0.0021 0.0010 0.0010
gr 51 0.0014 0.0000 0.0014
gr 52 0.0014 0.0010 0.0003
gr 53 0.0021 0.0000 0.0021
gr 54 0.0014 0.0003 0.0010
gr 55 0.0021 0.0000 0.0021
gr 56 0.0003 0.0000 0.0003
gr 57 0.0007 0.0003 0.0003
gr 58 0.0007 0.0003 0.0003
gr 59 0.0007 0.0000 0.0007
gr 60 0.0000 0.0000 0.0000
gr 61 0.0007 0.0000 0.0007
gr 62 0.0003 0.0003 0.0000
gr 64 0.0000 0.0000 0.0000
fa 18 0.0000 0.0000 0.0000
fa 19 0.1496 0.0595 0.0901
fa 20 0.1441 0.0517 0.0924
fa 21 0.1523 0.0636 0.0887
fa 22 0.0897 0.0471 0.0425
fa 23 0.0494 0.0302 0.0192
fa 24 0.0352 0.0169 0.0183
fa 25 0.0247 0.0096 0.0151
fa 26 0.0201 0.0114 0.0087
fa 27 0.0128 0.0087 0.0041
fa 28 0.0220 0.0124 0.0096
fa 29 0.0165 0.0091 0.0073
fa 30 0.0156 0.0078 0.0078
fa 31 0.0128 0.0073 0.0055
fa 32 0.0137 0.0059 0.0078
fa 33 0.0124 0.0073 0.0050
fa 34 0.0114 0.0064 0.0050
fa 35 0.0137 0.0082 0.0055
fa 36 0.0105 0.0073 0.0032
fa 37 0.0114 0.0059 0.0055
fa 38 0.0091 0.0055 0.0037
fa 39 0.0114 0.0041 0.0073
fa 40 0.0114 0.0050 0.0064
fa 41 0.0087 0.0055 0.0032
fa 42 0.0078 0.0041 0.0037
fa 43 0.0114 0.0023 0.0091
fa 44 0.0101 0.0055 0.0046
fa 45 0.0105 0.0041 0.0064
fa 46 0.0091 0.0055 0.0037
fa 47 0.0110 0.0050 0.0059
fa 48 0.0078 0.0041 0.0037
fa 49 0.0096 0.0050 0.0046
fa 50 0.0087 0.0059 0.0027
fa 51 0.0050 0.0027 0.0023
fa 52 0.0087 0.0059 0.0027
fa 53 0.0059 0.0037 0.0023
fa 54 0.0096 0.0059 0.0037
fa 55 0.0059 0.0037 0.0023
fa 56 0.0064 0.0050 0.0014
fa 57 0.0050 0.0018 0.0032
fa 58 0.0046 0.0032 0.0014
fa 59 0.0014 0.0009 0.0005
fa 60 0.0018 0.0005 0.0014
fa 61 0.0005 0.0005 0.0000
fa 62 0.0005 0.0000 0.0005
fa 64 0.0000 0.0000 0.0000
ph 18 0.0000 0.0000 0.0000
ph 19 0.0000 0.0000 0.0000
ph 20 0.0000 0.0000 0.0000
ph 21 0.0035 0.0000 0.0035
ph 22 0.0236 0.0131 0.0105
ph 23 0.0341 0.0140 0.0201
ph 24 0.0813 0.0437 0.0376
ph 25 0.1198 0.0621 0.0577
ph 26 0.0909 0.0446 0.0463
ph 27 0.0691 0.0350 0.0341
ph 28 0.0673 0.0358 0.0315
ph 29 0.0498 0.0201 0.0297
ph 30 0.0472 0.0219 0.0253
ph 31 0.0455 0.0175 0.0280
ph 32 0.0358 0.0219 0.0140
ph 33 0.0367 0.0140 0.0227
ph 34 0.0219 0.0079 0.0140
ph 35 0.0245 0.0131 0.0114
ph 36 0.0166 0.0052 0.0114
ph 37 0.0184 0.0052 0.0131
ph 38 0.0149 0.0044 0.0105
ph 39 0.0114 0.0035 0.0079
ph 40 0.0114 0.0044 0.0070
ph 41 0.0227 0.0070 0.0157
ph 42 0.0184 0.0035 0.0149
ph 43 0.0184 0.0044 0.0140
ph 44 0.0140 0.0070 0.0070
ph 45 0.0114 0.0061 0.0052
ph 46 0.0122 0.0035 0.0087
ph 47 0.0061 0.0009 0.0052
ph 48 0.0114 0.0026 0.0087
ph 49 0.0140 0.0052 0.0087
ph 50 0.0096 0.0044 0.0052
ph 51 0.0052 0.0035 0.0017
ph 52 0.0026 0.0017 0.0009
ph 53 0.0052 0.0026 0.0026
ph 54 0.0061 0.0035 0.0026
ph 55 0.0052 0.0035 0.0017
ph 56 0.0026 0.0017 0.0009
ph 57 0.0026 0.0017 0.0009
ph 58 0.0035 0.0009 0.0026
ph 59 0.0026 0.0017 0.0009
ph 60 0.0017 0.0009 0.0009
ph 61 0.0000 0.0000 0.0000
ph 62 0.0000 0.0000 0.0000
ph 64 0.0009 0.0000 0.0009
py 18 0.0000 0.0000 0.0000
py 19 0.0000 0.0000 0.0000
py 20 0.0000 0.0000 0.0000
py 21 0.0000 0.0000 0.0000
py 22 0.0018 0.0000 0.0018
py 23 0.0036 0.0018 0.0018
py 24 0.0071 0.0018 0.0053
py 25 0.0125 0.0018 0.0107
py 26 0.0285 0.0089 0.0196
py 27 0.0285 0.0125 0.0160
py 28 0.0481 0.0143 0.0339
py 29 0.0357 0.0107 0.0250
py 30 0.0392 0.0160 0.0232
py 31 0.0446 0.0125 0.0321
py 32 0.0410 0.0107 0.0303
py 33 0.0374 0.0107 0.0267
py 34 0.0374 0.0160 0.0214
py 35 0.0481 0.0160 0.0321
py 36 0.0428 0.0143 0.0285
py 37 0.0357 0.0071 0.0285
py 38 0.0374 0.0143 0.0232
py 39 0.0428 0.0143 0.0285
py 40 0.0392 0.0107 0.0285
py 41 0.0339 0.0071 0.0267
py 42 0.0250 0.0089 0.0160
py 43 0.0250 0.0071 0.0178
py 44 0.0250 0.0036 0.0214
py 45 0.0321 0.0125 0.0196
py 46 0.0321 0.0143 0.0178
py 47 0.0392 0.0125 0.0267
py 48 0.0178 0.0071 0.0107
py 49 0.0214 0.0107 0.0107
py 50 0.0339 0.0125 0.0214
py 51 0.0196 0.0053 0.0143
py 52 0.0125 0.0053 0.0071
py 53 0.0178 0.0107 0.0071
py 54 0.0160 0.0036 0.0125
py 55 0.0089 0.0036 0.0053
py 56 0.0125 0.0053 0.0071
py 57 0.0071 0.0036 0.0036
py 58 0.0018 0.0000 0.0018
py 59 0.0000 0.0000 0.0000
py 60 0.0018 0.0018 0.0000
py 61 0.0018 0.0018 0.0000
py 62 0.0036 0.0018 0.0018
py 64 0.0000 0.0000 0.0000
